>CGCCAT	9-CGCCAT	4.739439	-191.280462	0	T:4020.0(23.74%),B:5764.7(17.82%),P:1e-83	Tpos:70.7,Tstd:40.3,Bpos:75.5,Bstd:45.0,StrandBias:-0.0,Multiplicity:1.14
0.001	0.997	0.001	0.001
0.001	0.001	0.997	0.001
0.001	0.997	0.001	0.001
0.001	0.997	0.001	0.001
0.841	0.157	0.001	0.001
0.001	0.180	0.001	0.818

>GACTGAMR	5-GACTGAMR	5.635520	-522.412340	0	T:5912.0(34.91%),B:7728.1(23.89%),P:1e-226
0.421	0.001	0.577	0.001
0.960	0.001	0.001	0.038
0.087	0.911	0.001	0.001
0.001	0.015	0.001	0.983
0.255	0.037	0.662	0.046
0.769	0.124	0.106	0.001
0.351	0.304	0.165	0.180
0.273	0.162	0.410	0.155