Distance from Center (cmd=annotatePeaks.pl combined.pos TCOv1.1 -m /home/rtraborn/Daphnia/Daphnia_CAGE_Data/promoter_analyses/de_novo_discovery/de_novo_motif_x_validation/motif_groups_network/group_rep_motifs/motif_format/Dpm_renamed_motifs_combined.motif -hist 5 -size -100,100 -norevopp)	Dpm1 total sites	Dpm1 + sites	Dpm1 - sites	Dpm2 total sites	Dpm2 + sites	Dpm2 - sites	Dpm3 total sites	Dpm3 + sites	Dpm3 - sites	Dpm4 total sites	Dpm4 + sites	Dpm4 - sites	Dpm5 total sites	Dpm5 + sites	Dpm5 - sites	Dpm6 total sites	Dpm6 + sites	Dpm6 - sites	Dpm7 total sites	Dpm7 + sites	Dpm7 - sites	Dpm8 total sites	Dpm8 + sites	Dpm8 - sites	A frequency	C frequency	G frequency	T frequency
-100	0	0.000302457466918715	0	0	0.000491493383742911	0	0	0.000113421550094518	0	0	0.000415879017013233	0	0	0.000321361058601134	0	0	0.000170132325141777	0	0	0.000170132325141777	0	0	0.000151228733459357	0	0.285412333333333	0.206588666666667	0.210974666666667	0.297024333333333
-95	0.00056710775047259	0.000604914933837429	0	0.000775047258979206	0.000982986767485822	0	0.000170132325141777	0.000151228733459357	0	0.000472589792060492	0.00052930056710775	0	0.000321361058601134	0.000718336483931947	0	0.000170132325141777	0.000264650283553875	0	0.000170132325141777	0.000132325141776938	0	0.000151228733459357	0.000189035916824197	0	0.2815678	0.2122504	0.2124964	0.2936856
-90	0.000604914933837429	0.000453686200378072	0	0.000850661625708885	0.000756143667296786	0	0.000207939508506616	0.000321361058601134	0	0.00056710775047259	0.000718336483931947	0	0.000718336483931947	0.000775047258979206	0	0.000264650283553875	0.000434782608695652	0	0.000132325141776938	0.000132325141776938	0	0.000189035916824197	0.000226843100189036	0	0.287267	0.2087096	0.2131022	0.290921
-85	0.000378071833648393	0.000472589792060492	0	0.000661625708884688	0.000680529300567108	0	0.000283553875236295	0.000207939508506616	0	0.000718336483931947	0.000491493383742911	0	0.000775047258979206	0.000831758034026465	0	0.000434782608695652	0.000226843100189036	0	0.000132325141776938	0.000170132325141777	0	0.000226843100189036	0.000207939508506616	0	0.2804694	0.2109628	0.2115686	0.2969988
-80	0.000510396975425331	0.000586011342155009	0	0.000756143667296786	0.000604914933837429	0	0.000170132325141777	0.000113421550094518	0	0.000510396975425331	0.000604914933837429	0	0.000831758034026465	0.00126654064272212	0	0.000226843100189036	0.000302457466918715	0	0.000170132325141777	0.000264650283553875	0	0.000207939508506616	0.000151228733459357	0	0.28093	0.212567	0.2165426	0.2899606
-75	0.00054820415879017	0.000510396975425331	0	0.000699432892249527	0.000718336483931947	0	0.000189035916824197	0.000226843100189036	0	0.000623818525519849	0.000623818525519849	0	0.00126654064272212	0.000831758034026465	0	0.000302457466918715	0.000434782608695652	0	0.000264650283553875	0.000189035916824197	0	0.000151228733459357	0.000283553875236295	0	0.2790294	0.214686	0.2174118	0.288873
-70	0.000756143667296786	0.000850661625708885	0	0.000586011342155009	0.000604914933837429	0	0.000283553875236295	0.000321361058601134	0	0.000642722117202268	0.000623818525519849	0	0.000831758034026465	0.00100189035916824	0	0.000434782608695652	0.000226843100189036	0	0.000189035916824197	0.000207939508506616	0	0.000283553875236295	0.000132325141776938	0	0.276415	0.2224304	0.2162786	0.2848762
-65	0.000661625708884688	0.000623818525519849	0	0.000756143667296786	0.000812854442344045	0	0.000226843100189036	0.000226843100189036	0	0.000623818525519849	0.000604914933837429	0	0.00100189035916824	0.00130434782608696	0	0.000226843100189036	0.000359168241965974	0	0.000207939508506616	0.000170132325141777	0	0.000132325141776938	0.000151228733459357	0	0.2727514	0.22299	0.2206426	0.2836158
-60	0.000642722117202268	0.000718336483931947	0	0.000718336483931947	0.000812854442344045	0	0.000189035916824197	0.000170132325141777	0	0.00056710775047259	0.000869565217391304	0	0.00130434782608696	0.00132325141776938	0	0.000359168241965974	0.000340264650283554	0	0.000170132325141777	0.000151228733459357	0	0.000151228733459357	0.000189035916824197	0	0.2696614	0.223715	0.2211414	0.2854816
-55	0.000831758034026465	0.000642722117202268	0	0.000831758034026465	0.000661625708884688	0	0.000245746691871456	0.000321361058601134	0	0.000926275992438563	0.000964083175803403	0	0.00132325141776938	0.00170132325141777	0	0.000340264650283554	0.000302457466918715	0	0.000151228733459357	0.000264650283553875	0	0.000189035916824197	0.000226843100189036	0	0.2663802	0.2262126	0.2273286	0.2800788
-50	0.000491493383742911	0.000623818525519849	0	0.00052930056710775	0.000359168241965974	0	0.000359168241965974	0.000302457466918715	0	0.000964083175803403	0.000793950850661626	0	0.00170132325141777	0.00136105860113422	0	0.000302457466918715	0.00054820415879017	0	0.000264650283553875	0.000170132325141777	0	0.000226843100189036	0.000226843100189036	0	0.264529	0.23182	0.2269202	0.276731
-45	0.000623818525519849	0.00056710775047259	0	0.000321361058601134	0.000321361058601134	0	0.000283553875236295	0.000264650283553875	0	0.000775047258979206	0.000699432892249527	0	0.00136105860113422	0.00149338374291115	0	0.00054820415879017	0.000359168241965974	0	0.000170132325141777	0.000302457466918715	0	0.000226843100189036	0.000189035916824197	0	0.2630036	0.2333272	0.232703	0.2709664
-40	0.00054820415879017	0.000680529300567108	0	0.000434782608695652	0.0010586011342155	0	0.000207939508506616	0.000226843100189036	0	0.000623818525519849	0.000623818525519849	0	0.00149338374291115	0.00166351606805293	0	0.000359168241965974	0.000207939508506616	0	0.000302457466918715	0.000189035916824197	0	0.000189035916824197	0.000189035916824197	0	0.2648888	0.2312246	0.2313382	0.2725486
-35	0.000718336483931947	0.000491493383742911	0	0.00128544423440454	0.0122306238185255	0	0.000226843100189036	0.000226843100189036	0	0.000642722117202268	0.000434782608695652	0	0.00166351606805293	0.00155009451795841	0	0.000207939508506616	0.000623818525519849	0	0.000189035916824197	0.000226843100189036	0	0.000189035916824197	0.000302457466918715	0	0.2661638	0.223937	0.235075	0.2748242
-30	0.000378071833648393	0.000321361058601134	0	0.0170132325141777	0.0103213610586011	0	0.000302457466918715	0.000207939508506616	0	0.000434782608695652	0.000831758034026465	0	0.00155009451795841	0.00168241965973535	0	0.000623818525519849	0.000151228733459357	0	0.000226843100189036	0.000189035916824197	0	0.000302457466918715	0.000207939508506616	0	0.307592	0.193949	0.1967854	0.3016738
-25	0.000396975425330813	0.000510396975425331	0	0.0054820415879017	0.000888468809073724	0	0.000189035916824197	0.000321361058601134	0	0.000812854442344045	0.000699432892249527	0	0.00168241965973535	0.00160680529300567	0	0.000151228733459357	0.000283553875236295	0	0.000189035916824197	0.000189035916824197	0	0.000207939508506616	0.000151228733459357	0	0.298232	0.2173772	0.2298194	0.254571
-20	0.000680529300567108	0.000586011342155009	0	0.000737240075614367	0.000302457466918715	0	0.000245746691871456	0.000245746691871456	0	0.000661625708884688	0.000396975425330813	0	0.00160680529300567	0.00130434782608696	0	0.000283553875236295	0.000264650283553875	0	0.000189035916824197	0.000378071833648393	0	0.000151228733459357	0.000170132325141777	0	0.2570856	0.2373082	0.2439646	0.261642
-15	0.000396975425330813	0.000472589792060492	0	0.000207939508506616	0.000378071833648393	0	0.000302457466918715	0.000415879017013233	0	0.000510396975425331	0.00054820415879017	0	0.00130434782608696	0.00100189035916824	0	0.000264650283553875	0.000151228733459357	0	0.000378071833648393	0.000170132325141777	0	0.000170132325141777	0.000132325141776938	0	0.25993	0.2424992	0.2295682	0.2680026
-10	0.00056710775047259	0.00052930056710775	0	0.000340264650283554	0.000113421550094518	0	0.000586011342155009	0.000775047258979206	0	0.000491493383742911	0.000396975425330813	0	0.00100189035916824	0.000453686200378072	0	0.000151228733459357	9.45179584120983e-05	0	0.000170132325141777	0.000170132325141777	0	0.000132325141776938	0.000396975425330813	0	0.257538	0.2378966	0.227253	0.2773122
-5	0.000340264650283554	0.000415879017013233	0	0.000132325141776938	0.000151228733459357	0	0.00103969754253308	0.00756143667296786	0	0.000321361058601134	0.000226843100189036	0	0.000453686200378072	0.000302457466918715	0	9.45179584120983e-05	0.000302457466918715	0	0.000170132325141777	1.89035916824197e-05	0	0.000396975425330813	0.000189035916824197	0	0.2596078	0.2287186	0.2348064	0.2768674
0	0.000510396975425331	0.000226843100189036	0	0.000151228733459357	0.000226843100189036	0	0.00933837429111531	0.00402646502835539	0	0.000283553875236295	0.000283553875236295	0	0.000302457466918715	0.000245746691871456	0	0.000302457466918715	0.000170132325141777	0	1.89035916824197e-05	5.6710775047259e-05	0	0.000189035916824197	0.000170132325141777	0	0.247259	0.2193194	0.2416826	0.291739
5	0.000113421550094518	0.000264650283553875	0	0.000321361058601134	0.000396975425330813	0	0.00217391304347826	0.00102079395085066	0	0.000340264650283554	0.000604914933837429	0	0.000245746691871456	0.000264650283553875	0	0.000170132325141777	0.000189035916824197	0	5.6710775047259e-05	0.000113421550094518	0	0.000170132325141777	0.000283553875236295	0	0.2297354	0.2313422	0.2243668	0.3145558
10	0.000283553875236295	0.000189035916824197	0	0.000340264650283554	0.000170132325141777	0	0.000850661625708885	0.000699432892249527	0	0.000661625708884688	0.0010586011342155	0	0.000264650283553875	0.000415879017013233	0	0.000189035916824197	0.000245746691871456	0	0.000113421550094518	0.000170132325141777	0	0.000283553875236295	0.000113421550094518	0	0.2442156	0.2501702	0.2221174	0.2834972
15	0.000226843100189036	0.000340264650283554	0	0.000113421550094518	9.45179584120983e-05	0	0.000642722117202268	0.00054820415879017	0	0.00102079395085066	0.000756143667296786	0	0.000415879017013233	0.000434782608695652	0	0.000245746691871456	0.000226843100189036	0	0.000170132325141777	0.000132325141776938	0	0.000113421550094518	0.000207939508506616	0	0.2311154	0.2734404	0.2237994	0.2716446
20	0.000321361058601134	0.000226843100189036	0	0.000113421550094518	0.000113421550094518	0	0.000510396975425331	0.000642722117202268	0	0.000756143667296786	0.000680529300567108	0	0.000434782608695652	0.000472589792060492	0	0.000226843100189036	0.000113421550094518	0	0.000132325141776938	0.000207939508506616	0	0.000207939508506616	0.000226843100189036	0	0.25552	0.2575992	0.2378074	0.2490738
25	0.000264650283553875	0.000207939508506616	0	9.45179584120983e-05	0.000151228733459357	0	0.000661625708884688	0.000434782608695652	0	0.000737240075614367	0.000699432892249527	0	0.000472589792060492	0.000302457466918715	0	0.000113421550094518	0.000340264650283554	0	0.000207939508506616	9.45179584120983e-05	0	0.000226843100189036	5.6710775047259e-05	0	0.2893954	0.2274478	0.2482422	0.2349148
30	9.45179584120983e-05	0.000170132325141777	0	0.000170132325141777	0.000378071833648393	0	0.000302457466918715	0.000378071833648393	0	0.00054820415879017	0.000415879017013233	0	0.000302457466918715	0.000245746691871456	0	0.000340264650283554	0.000113421550094518	0	9.45179584120983e-05	3.78071833648393e-05	0	5.6710775047259e-05	0.000207939508506616	0	0.2634216	0.2395084	0.2395272	0.2575428
35	0.000132325141776938	9.45179584120983e-05	0	0.000415879017013233	0.000226843100189036	0	0.000434782608695652	0.000396975425330813	0	0.000396975425330813	0.000396975425330813	0	0.000245746691871456	0.000151228733459357	0	0.000113421550094518	0.000113421550094518	0	3.78071833648393e-05	9.45179584120983e-05	0	0.000207939508506616	3.78071833648393e-05	0	0.2562382	0.2418336	0.2035728	0.2983552
40	0.000226843100189036	0.000264650283553875	0	0.000207939508506616	0.000340264650283554	0	0.000491493383742911	0.00052930056710775	0	0.00052930056710775	0.000453686200378072	0	0.000151228733459357	0.000245746691871456	0	0.000113421550094518	0.000151228733459357	0	9.45179584120983e-05	0.000170132325141777	0	3.78071833648393e-05	0.000151228733459357	0	0.2647976	0.2362516	0.1950586	0.3038922
45	0.000189035916824197	0.000151228733459357	0	0.000340264650283554	0.000283553875236295	0	0.000472589792060492	0.000434782608695652	0	0.000302457466918715	0.000264650283553875	0	0.000245746691871456	0.000226843100189036	0	0.000151228733459357	0.000245746691871456	0	0.000170132325141777	0.000132325141776938	0	0.000151228733459357	0.000245746691871456	0	0.239134	0.2526516	0.2043292	0.303885
50	0.000170132325141777	0.000189035916824197	0	0.000434782608695652	0.000586011342155009	0	0.000453686200378072	0.000321361058601134	0	0.000283553875236295	0.000283553875236295	0	0.000226843100189036	0.000340264650283554	0	0.000245746691871456	0.000302457466918715	0	0.000132325141776938	9.45179584120983e-05	0	0.000245746691871456	7.56143667296786e-05	0	0.2594436	0.2443942	0.1929328	0.3032294
55	0.000226843100189036	0.000151228733459357	0	0.00052930056710775	0.000642722117202268	0	0.000226843100189036	0.000207939508506616	0	0.000245746691871456	0.000378071833648393	0	0.000340264650283554	0.000283553875236295	0	0.000302457466918715	0.000207939508506616	0	9.45179584120983e-05	0.000151228733459357	0	7.56143667296786e-05	0.000283553875236295	0	0.2797504	0.2216866	0.1825676	0.3159954
60	0.000151228733459357	0.000170132325141777	0	0.000699432892249527	0.000680529300567108	0	0.000151228733459357	0.000226843100189036	0	0.000396975425330813	0.000207939508506616	0	0.000283553875236295	0.000264650283553875	0	0.000207939508506616	0.000207939508506616	0	0.000151228733459357	0.000189035916824197	0	0.000283553875236295	0.000207939508506616	0	0.2838342	0.212176	0.1823974	0.321592
65	7.56143667296786e-05	9.45179584120983e-05	0	0.000642722117202268	0.000775047258979206	0	0.000283553875236295	0.000245746691871456	0	0.000245746691871456	0.000283553875236295	0	0.000264650283553875	0.000264650283553875	0	0.000207939508506616	0.000170132325141777	0	0.000189035916824197	0.000113421550094518	0	0.000207939508506616	0.000245746691871456	0	0.2861734	0.2066978	0.1803192	0.3268096
70	0.000189035916824197	0.000151228733459357	0	0.000718336483931947	0.000623818525519849	0	0.000226843100189036	0.000226843100189036	0	0.000340264650283554	0.000378071833648393	0	0.000264650283553875	0.000340264650283554	0	0.000170132325141777	0.000340264650283554	0	0.000113421550094518	9.45179584120983e-05	0	0.000245746691871456	0.000226843100189036	0	0.2873864	0.2081318	0.1815622	0.3229198
75	3.78071833648393e-05	9.45179584120983e-05	0	0.000642722117202268	0.000775047258979206	0	0.000245746691871456	0.000283553875236295	0	0.000283553875236295	0.000321361058601134	0	0.000340264650283554	0.000321361058601134	0	0.000340264650283554	0.000359168241965974	0	9.45179584120983e-05	3.78071833648393e-05	0	0.000226843100189036	0.000151228733459357	0	0.2846256	0.211233	0.1810704	0.323071
80	9.45179584120983e-05	0.000113421550094518	0	0.000850661625708885	0.000623818525519849	0	0.000283553875236295	0.000189035916824197	0	0.000321361058601134	0.000378071833648393	0	0.000321361058601134	0.000264650283553875	0	0.000359168241965974	0.000245746691871456	0	3.78071833648393e-05	7.56143667296786e-05	0	0.000151228733459357	0.000264650283553875	0	0.286117	0.2079732	0.1832366	0.3226734
85	0.000170132325141777	0.000151228733459357	0	0.000586011342155009	0.000623818525519849	0	0.000207939508506616	0.000226843100189036	0	0.000472589792060492	0.000472589792060492	0	0.000264650283553875	0.000283553875236295	0	0.000245746691871456	0.000245746691871456	0	7.56143667296786e-05	1.89035916824197e-05	0	0.000264650283553875	0.000283553875236295	0	0.2849334	0.206394	0.1811408	0.3275324
90	0.000170132325141777	0.000207939508506616	0	0.00056710775047259	0.000604914933837429	0	0.000245746691871456	0.000359168241965974	0	0.000359168241965974	0.000415879017013233	0	0.000283553875236295	0.000245746691871456	0	0.000245746691871456	9.45179584120983e-05	0	1.89035916824197e-05	3.78071833648393e-05	0	0.000283553875236295	0.000189035916824197	0	0.2825092	0.2074648	0.18658	0.323446
95	0.000245746691871456	0.000113421550094518	0	0.000680529300567108	0.000170132325141777	0	0.000283553875236295	7.56143667296786e-05	0	0.000453686200378072	3.78071833648393e-05	0	0.000245746691871456	0	0	9.45179584120983e-05	0	0	3.78071833648393e-05	0	0	0.000189035916824197	0	0	0.28796	0.2029212	0.1815618	0.3275568
100	0	0	0	0	0	0	0	0	0	0	0	0	0	0	0	0	0	0	0	0	0	0	0	0	0.286944	0.199196	0.185809	0.328051
