Distance from Center (cmd=annotatePeaks.pl combined.pos TCOv1.1 -m /home/rtraborn/Daphnia/Daphnia_CAGE_Data/promoter_analyses/de_novo_discovery/de_novo_motif_x_validation/motif_groups_network/group_rep_motifs/motif_format/Dpm_renamed_motifs_combined.motif -hist 1 -size -100,50 -norevopp)	Dpm1 total sites	Dpm1 + sites	Dpm1 - sites	Dpm2 total sites	Dpm2 + sites	Dpm2 - sites	Dpm3 total sites	Dpm3 + sites	Dpm3 - sites	Dpm4 total sites	Dpm4 + sites	Dpm4 - sites	Dpm5 total sites	Dpm5 + sites	Dpm5 - sites	Dpm6 total sites	Dpm6 + sites	Dpm6 - sites	Dpm7 total sites	Dpm7 + sites	Dpm7 - sites	Dpm8 total sites	Dpm8 + sites	Dpm8 - sites	A frequency	C frequency	G frequency	T frequency
-75	0.000472589792060492	0.000661625708884688	0	0.000189035916824197	0.00056710775047259	0	9.45179584120983e-05	0.000189035916824197	0	0.000945179584120983	0.000661625708884688	0	0.000945179584120983	0.00056710775047259	0	0.000189035916824197	0.000378071833648393	0	0	0.000189035916824197	0	0.000189035916824197	0.000472589792060492	0	0.282185	0.205509	0.212704	0.299602
-74	0.000472589792060492	0.000661625708884688	0	0.000850661625708885	0.00056710775047259	0	0.000283553875236295	9.45179584120983e-05	0	0.000945179584120983	0.00113421550094518	0	0.00132325141776938	0.00113421550094518	0	0.000378071833648393	0.000283553875236295	0	0.000472589792060492	9.45179584120983e-05	0	0.000283553875236295	0.000189035916824197	0	0.289474	0.202385	0.214123	0.294017
-73	0.000472589792060492	0.000283553875236295	0	0.00113421550094518	0.000756143667296786	0	0.000283553875236295	0.000283553875236295	0	0.000661625708884688	0.000283553875236295	0	0.00141776937618147	0.000945179584120983	0	0.000378071833648393	0.000472589792060492	0	0.000283553875236295	0.000189035916824197	0	9.45179584120983e-05	0.000189035916824197	0	0.284484	0.211872	0.206191	0.297453
-72	0.000661625708884688	0.00103969754253308	0	0.00056710775047259	0.000472589792060492	0	0.000189035916824197	0.000378071833648393	0	0.000378071833648393	0.000756143667296786	0	0.00056710775047259	0.000661625708884688	0	0.000661625708884688	0.000283553875236295	0	0.000283553875236295	0.000283553875236295	0	0.000283553875236295	0.000189035916824197	0	0.280981	0.210925	0.218309	0.289785
-71	0.000661625708884688	0.00113421550094518	0	0.00056710775047259	0.000850661625708885	0	9.45179584120983e-05	0.000472589792060492	0	0.000661625708884688	0.000283553875236295	0	0.000945179584120983	0.00122873345935728	0	0.000378071833648393	0.000283553875236295	0	0.000189035916824197	0.000189035916824197	0	0.000283553875236295	9.45179584120983e-05	0	0.269715	0.212061	0.219635	0.298589
-70	0.000283553875236295	0.000661625708884688	0	0.00056710775047259	9.45179584120983e-05	0	0.000283553875236295	0.000189035916824197	0	0.00113421550094518	0.000756143667296786	0	0.00056710775047259	0.00151228733459357	0	0.000378071833648393	9.45179584120983e-05	0	0.000189035916824197	0.000189035916824197	0	0.000472589792060492	0.000283553875236295	0	0.284862	0.209316	0.210546	0.295276
-69	0.00103969754253308	0.000756143667296786	0	0.000756143667296786	0.000756143667296786	0	0.000378071833648393	9.45179584120983e-05	0	0.000283553875236295	0.00056710775047259	0	0.00113421550094518	0.00056710775047259	0	0.000283553875236295	0.000283553875236295	0	9.45179584120983e-05	9.45179584120983e-05	0	0.000189035916824197	9.45179584120983e-05	0	0.287986	0.215469	0.208179	0.288365
-68	0.00113421550094518	0.000661625708884688	0	0.000472589792060492	0.000850661625708885	0	0.000472589792060492	0.000472589792060492	0	0.000756143667296786	0.000756143667296786	0	0.000945179584120983	0.00103969754253308	0	0.000472589792060492	0.000189035916824197	0	0.000189035916824197	0.000283553875236295	0	0.000189035916824197	0	0	0.2842	0.213481	0.205813	0.296507
-67	0.000661625708884688	0.000189035916824197	0	0.000850661625708885	0.00122873345935728	0	0.000189035916824197	0	0	0.000283553875236295	0.000756143667296786	0	0.000661625708884688	0.00122873345935728	0	0.000283553875236295	0.000378071833648393	0	0.000283553875236295	9.45179584120983e-05	0	0.000189035916824197	9.45179584120983e-05	0	0.285809	0.207233	0.214996	0.291963
-66	0.000756143667296786	0.00103969754253308	0	9.45179584120983e-05	0.00056710775047259	0	9.45179584120983e-05	0.000378071833648393	0	0.000756143667296786	0.000661625708884688	0	0.00122873345935728	0.00122873345935728	0	0.000283553875236295	0.000283553875236295	0	0.000189035916824197	9.45179584120983e-05	0	9.45179584120983e-05	0.000189035916824197	0	0.287324	0.211493	0.208179	0.293004
-65	0.000661625708884688	0.000756143667296786	0	0.000756143667296786	0.000661625708884688	0	0.000472589792060492	0.000378071833648393	0	0.00056710775047259	0.000472589792060492	0	0.00151228733459357	0.00122873345935728	0	9.45179584120983e-05	0.000189035916824197	0	0.000189035916824197	0.000283553875236295	0	0.000283553875236295	0	0	0.286756	0.204014	0.219067	0.290164
-64	0.000189035916824197	0.000850661625708885	0	0.000850661625708885	0.00113421550094518	0	0	0.000189035916824197	0	0.000756143667296786	0.00056710775047259	0	0.00056710775047259	0.00132325141776938	0	0.000283553875236295	0.00056710775047259	0	9.45179584120983e-05	9.45179584120983e-05	0	9.45179584120983e-05	0.000189035916824197	0	0.281359	0.214712	0.211966	0.291963
-63	0.00103969754253308	0.000283553875236295	0	0.00122873345935728	0.000472589792060492	0	0.000378071833648393	0.000189035916824197	0	0.000756143667296786	0.00056710775047259	0	0.00103969754253308	0.00151228733459357	0	0.000189035916824197	0.000378071833648393	0	0.000283553875236295	0.000283553875236295	0	0	0.000283553875236295	0	0.294897	0.206191	0.211398	0.287513
-62	0.000756143667296786	0.000472589792060492	0	0.00056710775047259	0.000756143667296786	0	0.000378071833648393	0.000189035916824197	0	0.000661625708884688	0.00056710775047259	0	0.00122873345935728	0.00141776937618147	0	0.000378071833648393	0.000472589792060492	0	9.45179584120983e-05	0.000283553875236295	0	9.45179584120983e-05	9.45179584120983e-05	0	0.287608	0.208369	0.207043	0.29698
-61	0.000850661625708885	0.000850661625708885	0	0.000661625708884688	0.000661625708884688	0	0.000189035916824197	0	0	0.000472589792060492	0.000945179584120983	0	0.00122873345935728	0.00103969754253308	0	0.000283553875236295	0.000283553875236295	0	9.45179584120983e-05	0	0	0.000189035916824197	9.45179584120983e-05	0	0.277099	0.212061	0.211114	0.299725
-60	0.000283553875236295	0.00103969754253308	0	0.00113421550094518	0.00132325141776938	0	0.000189035916824197	0.000189035916824197	0	0.00056710775047259	0.000756143667296786	0	0.00122873345935728	0.00122873345935728	0	0.000189035916824197	0.000283553875236295	0	0.000283553875236295	0.000378071833648393	0	0	0.000189035916824197	0	0.277194	0.208085	0.220297	0.294424
-59	0.000472589792060492	0.000661625708884688	0	0.000472589792060492	0.000661625708884688	0	0.000189035916824197	0.000378071833648393	0	0.00056710775047259	0.000850661625708885	0	0.00132325141776938	0.000850661625708885	0	0.00056710775047259	0.000283553875236295	0	9.45179584120983e-05	9.45179584120983e-05	0	0.000189035916824197	0.000283553875236295	0	0.282969	0.210546	0.208085	0.2984
-58	0.000850661625708885	0.00056710775047259	0	0.000756143667296786	0.000661625708884688	0	0	9.45179584120983e-05	0	0.00056710775047259	0.00122873345935728	0	0.00151228733459357	0.00207939508506616	0	0.000378071833648393	0.000378071833648393	0	0.000283553875236295	0	0	0.000283553875236295	0.000283553875236295	0	0.277383	0.215658	0.211304	0.295655
-57	0.00103969754253308	0.00103969754253308	0	0.000661625708884688	0.000850661625708885	0	0.000189035916824197	0.000283553875236295	0	0.000945179584120983	0.000850661625708885	0	0.00141776937618147	0.00236294896030246	0	0.000472589792060492	0.000189035916824197	0	0.000283553875236295	9.45179584120983e-05	0	9.45179584120983e-05	0.000378071833648393	0	0.283064	0.208369	0.216889	0.291679
-56	0.000661625708884688	0.000850661625708885	0	0.00132325141776938	0.000378071833648393	0	0.000378071833648393	0.000283553875236295	0	0.000756143667296786	0.000850661625708885	0	0.00103969754253308	0.00170132325141777	0	0.000283553875236295	0.00056710775047259	0	0	0.000378071833648393	0	9.45179584120983e-05	0.000283553875236295	0	0.281427	0.213461	0.214502	0.29061
-55	0.00056710775047259	0.000472589792060492	0	0.000661625708884688	0.000283553875236295	0	9.45179584120983e-05	0.000189035916824197	0	0.000850661625708885	0.00113421550094518	0	0.00122873345935728	0.00141776937618147	0	0.000283553875236295	0.000283553875236295	0	0.000378071833648393	0.000378071833648393	0	0.000189035916824197	0	0	0.272151	0.218289	0.219898	0.289663
-54	0.00103969754253308	0.00056710775047259	0	0.000661625708884688	0.000661625708884688	0	0.000283553875236295	0.00056710775047259	0	0.00122873345935728	0.00132325141776938	0	0.000850661625708885	0.00170132325141777	0	0.000283553875236295	0.000283553875236295	0	9.45179584120983e-05	0.000189035916824197	0	0.000283553875236295	0.000283553875236295	0	0.285566	0.207761	0.21363	0.293043
-53	0.000850661625708885	0.000283553875236295	0	0.000850661625708885	0.00113421550094518	0	0.000283553875236295	0.000283553875236295	0	0.000850661625708885	0.000661625708884688	0	0.00207939508506616	0.00132325141776938	0	0.000378071833648393	0.000189035916824197	0	0	0.000283553875236295	0	0.000283553875236295	0.000189035916824197	0	0.282537	0.214955	0.217795	0.284714
-52	0.000472589792060492	0.00056710775047259	0	0.000378071833648393	0.000189035916824197	0	0.000189035916824197	9.45179584120983e-05	0	0.000850661625708885	0.000850661625708885	0	0.00236294896030246	0.000756143667296786	0	0.000189035916824197	0.000378071833648393	0	9.45179584120983e-05	0.000189035916824197	0	0.000378071833648393	0.000189035916824197	0	0.280928	0.211737	0.21486	0.292475
-51	0.00056710775047259	0.00056710775047259	0	0.000283553875236295	0.000378071833648393	0	0.00056710775047259	0.000661625708884688	0	0.00113421550094518	0.00056710775047259	0	0.00170132325141777	0.00189035916824197	0	0.00056710775047259	0.000283553875236295	0	0.000378071833648393	0.000189035916824197	0	0.000283553875236295	0.000189035916824197	0	0.284998	0.210128	0.215902	0.288973
-50	0.000283553875236295	0.000472589792060492	0	0.000661625708884688	0.000661625708884688	0	0.000283553875236295	0.000378071833648393	0	0.00132325141776938	0.000661625708884688	0	0.00141776937618147	0.00103969754253308	0	0.000283553875236295	0.000378071833648393	0	0.000378071833648393	0.000189035916824197	0	0	0.000189035916824197	0	0.27629	0.213157	0.223379	0.287175
-49	0.00056710775047259	0.000850661625708885	0	0.00113421550094518	0.00056710775047259	0	9.45179584120983e-05	0.000189035916824197	0	0.000661625708884688	0.00103969754253308	0	0.00170132325141777	0.00170132325141777	0	0.000283553875236295	0.000756143667296786	0	0.000189035916824197	9.45179584120983e-05	0	0.000283553875236295	0.000378071833648393	0	0.274586	0.217889	0.215523	0.292002
-48	0.00056710775047259	0.000661625708884688	0	0.000189035916824197	0	0	0.000661625708884688	0.000189035916824197	0	0.000850661625708885	0.000850661625708885	0	0.00132325141776938	0.00141776937618147	0	0.000189035916824197	0.000945179584120983	0	0.000283553875236295	0.000189035916824197	0	0.000189035916824197	0.000189035916824197	0	0.27863	0.220519	0.21749	0.283362
-47	0.000472589792060492	0.000756143667296786	0	0.000378071833648393	0	0	0.000378071833648393	0.000189035916824197	0	0.00056710775047259	0.000756143667296786	0	0.000756143667296786	0.00189035916824197	0	0.000378071833648393	0.000378071833648393	0	0.000189035916824197	0.000283553875236295	0	0.000189035916824197	0.000283553875236295	0	0.277305	0.219194	0.214083	0.289419
-46	0.000850661625708885	0.000378071833648393	0	0.000661625708884688	0.000283553875236295	0	0.000189035916824197	0.000472589792060492	0	0.000661625708884688	0.000661625708884688	0	0.00189035916824197	0.00122873345935728	0	0.000283553875236295	0.000378071833648393	0	0.000189035916824197	0.000378071833648393	0	0.000189035916824197	9.45179584120983e-05	0	0.272762	0.225345	0.221465	0.280428
-45	0.000661625708884688	0.000850661625708885	0	0.00056710775047259	0.000189035916824197	0	0.000189035916824197	0.000283553875236295	0	0.00103969754253308	0.00103969754253308	0	0.00103969754253308	0.00189035916824197	0	0.000378071833648393	0.000283553875236295	0	0.000189035916824197	0.000189035916824197	0	0.000189035916824197	0.000378071833648393	0	0.27844	0.215976	0.218626	0.286958
-44	0.000756143667296786	0.000378071833648393	0	0	0.000189035916824197	0	0.000189035916824197	0.000189035916824197	0	0.000850661625708885	0.000283553875236295	0	0.00170132325141777	0.00132325141776938	0	0.000756143667296786	0.000472589792060492	0	9.45179584120983e-05	0.000378071833648393	0	0.000378071833648393	0	0	0.280144	0.225629	0.213894	0.280333
-43	0.000378071833648393	0.000472589792060492	0	0	0.000945179584120983	0	0.000472589792060492	0.000189035916824197	0	0.000756143667296786	0.000756143667296786	0	0.00141776937618147	0.00113421550094518	0	0.000945179584120983	0.000283553875236295	0	0.000189035916824197	0.000283553875236295	0	0.000189035916824197	0.000189035916824197	0	0.273519	0.226008	0.213326	0.287147
-42	0.000850661625708885	0.000756143667296786	0	0.000283553875236295	0.00056710775047259	0	0.000283553875236295	9.45179584120983e-05	0	0.000661625708884688	0.000378071833648393	0	0.00189035916824197	0.00217391304347826	0	0.000378071833648393	0.000283553875236295	0	0.000283553875236295	0.000283553875236295	0	0.000283553875236295	0.000283553875236295	0	0.276169	0.223926	0.216354	0.283551
-41	0.000378071833648393	0.000283553875236295	0	0.000189035916824197	0.000661625708884688	0	0.000189035916824197	0.000283553875236295	0	0.00103969754253308	0.000850661625708885	0	0.00122873345935728	0.00160680529300567	0	0.000378071833648393	9.45179584120983e-05	0	0.000378071833648393	0.000189035916824197	0	9.45179584120983e-05	9.45179584120983e-05	0	0.273046	0.225156	0.221844	0.279955
-40	0.000472589792060492	0.000661625708884688	0	0.000189035916824197	0.00103969754253308	0	0.000189035916824197	0.000283553875236295	0	0.000283553875236295	0.000945179584120983	0	0.00189035916824197	0.00160680529300567	0	0.000283553875236295	0.000283553875236295	0	0.000189035916824197	9.45179584120983e-05	0	0.000378071833648393	0.000283553875236295	0	0.267746	0.232349	0.218531	0.281374
-39	0.000756143667296786	0.00103969754253308	0	0.000945179584120983	0.00103969754253308	0	9.45179584120983e-05	0.000283553875236295	0	0.000756143667296786	0.000661625708884688	0	0.00132325141776938	0.00189035916824197	0	0.000472589792060492	9.45179584120983e-05	0	0.000378071833648393	0.000189035916824197	0	0	9.45179584120983e-05	0	0.271506	0.216807	0.229015	0.282672
-38	0.000283553875236295	0.000661625708884688	0	0.00056710775047259	0.00198487712665406	0	0.000283553875236295	0.000189035916824197	0	0.000378071833648393	0.000283553875236295	0	0.00113421550094518	0.00103969754253308	0	0.000283553875236295	0.000283553875236295	0	0.000283553875236295	0.000189035916824197	0	0.000189035916824197	0.000189035916824197	0	0.275196	0.216523	0.217469	0.290811
-37	0.000661625708884688	0.000472589792060492	0	0.000661625708884688	0.00170132325141777	0	0.000283553875236295	0.000283553875236295	0	0.000850661625708885	0.000472589792060492	0	0.00217391304347826	0.000945179584120983	0	0.000283553875236295	0.00056710775047259	0	0.000283553875236295	9.45179584120983e-05	0	0.000283553875236295	0.000378071833648393	0	0.270723	0.222653	0.219625	0.286998
-36	0.00103969754253308	0.000756143667296786	0	0.00103969754253308	0.00226843100189036	0	0.000283553875236295	9.45179584120983e-05	0	0.000945179584120983	0.00056710775047259	0	0.00160680529300567	0.00151228733459357	0	9.45179584120983e-05	0.000945179584120983	0	0.000189035916824197	9.45179584120983e-05	0	9.45179584120983e-05	0.000283553875236295	0	0.271643	0.219605	0.219699	0.289053
-35	0.000661625708884688	0.000189035916824197	0	0.00103969754253308	0.00708884688090737	0	0.000189035916824197	0.000189035916824197	0	0.000661625708884688	0.000472589792060492	0	0.00160680529300567	0.00160680529300567	0	0.000283553875236295	0.000850661625708885	0	9.45179584120983e-05	9.45179584120983e-05	0	0.000283553875236295	0.000189035916824197	0	0.266061	0.224808	0.218091	0.29104
-34	0.000472589792060492	0.000378071833648393	0	0.00198487712665406	0.0184310018903592	0	0.000283553875236295	0.000189035916824197	0	0.000283553875236295	0.000189035916824197	0	0.00189035916824197	0.00189035916824197	0	9.45179584120983e-05	0.00056710775047259	0	0.000189035916824197	0.000472589792060492	0	9.45179584120983e-05	9.45179584120983e-05	0	0.271927	0.228309	0.22074	0.279024
-33	0.000756143667296786	0.000661625708884688	0	0.00170132325141777	0.0316635160680529	0	9.45179584120983e-05	0.000378071833648393	0	0.000472589792060492	0.000472589792060492	0	0.00103969754253308	0.00179584120982987	0	0.000283553875236295	0.000189035916824197	0	0.000189035916824197	0.000378071833648393	0	0.000189035916824197	0.00056710775047259	0	0.268048	0.223105	0.227552	0.281294
-32	0.000189035916824197	0.000283553875236295	0	0.00226843100189036	0.0256143667296786	0	0.000189035916824197	0.000283553875236295	0	0.00056710775047259	0.000472589792060492	0	0.000945179584120983	0.00141776937618147	0	0.00056710775047259	0.000283553875236295	0	9.45179584120983e-05	9.45179584120983e-05	0	0.000378071833648393	0.000189035916824197	0	0.266534	0.229445	0.224525	0.279497
-31	0.000378071833648393	0.000378071833648393	0	0.00708884688090737	0.0166351606805293	0	0.000189035916824197	0.000472589792060492	0	0.000472589792060492	0.000756143667296786	0	0.00151228733459357	0.00160680529300567	0	0.000945179584120983	9.45179584120983e-05	0	9.45179584120983e-05	0.000283553875236295	0	0.000283553875236295	0.000283553875236295	0	0.268117	0.230842	0.223463	0.277578
-30	0.000661625708884688	0.000189035916824197	0	0.0184310018903592	0.00529300567107751	0	0.000378071833648393	0	0	0.000189035916824197	0.00141776937618147	0	0.00160680529300567	0.00198487712665406	0	0.000850661625708885	9.45179584120983e-05	0	9.45179584120983e-05	9.45179584120983e-05	0	0.000189035916824197	9.45179584120983e-05	0	0.261565	0.22136	0.232996	0.284079
-29	0.000283553875236295	0.000283553875236295	0	0.0316635160680529	0.00255198487712665	0	0.000283553875236295	0.000189035916824197	0	0.000472589792060492	0.000945179584120983	0	0.00189035916824197	0.00170132325141777	0	0.00056710775047259	9.45179584120983e-05	0	0.000472589792060492	0.000283553875236295	0	9.45179584120983e-05	0.000378071833648393	0	0.266295	0.224198	0.22855	0.280957
-28	0.000378071833648393	0.000472589792060492	0	0.0256143667296786	0.00151228733459357	0	0.000472589792060492	9.45179584120983e-05	0	0.000472589792060492	0.00056710775047259	0	0.00179584120982987	0.00170132325141777	0	0.000189035916824197	0.000189035916824197	0	0.000378071833648393	0.000189035916824197	0	0.00056710775047259	9.45179584120983e-05	0	0.269485	0.225312	0.227204	0.277998
-27	0.000189035916824197	0.000378071833648393	0	0.0166351606805293	0.00141776937618147	0	0	0.000472589792060492	0	0.000756143667296786	0.000378071833648393	0	0.00141776937618147	0.00170132325141777	0	0.000283553875236295	0.000283553875236295	0	9.45179584120983e-05	0.000283553875236295	0	0.000189035916824197	0.000189035916824197	0	0.268729	0.222191	0.228528	0.280552
-26	0.000283553875236295	0.000661625708884688	0	0.00529300567107751	0.000945179584120983	0	0.000189035916824197	0.000189035916824197	0	0.00141776937618147	0.000756143667296786	0	0.00160680529300567	0.00113421550094518	0	9.45179584120983e-05	0.000283553875236295	0	0.000283553875236295	0.000189035916824197	0	0.000283553875236295	9.45179584120983e-05	0	0.267783	0.234677	0.225218	0.272323
-25	0.000472589792060492	0.000283553875236295	0	0.00255198487712665	0.00056710775047259	0	9.45179584120983e-05	0.000283553875236295	0	0.000945179584120983	0.00103969754253308	0	0.00198487712665406	0.00160680529300567	0	9.45179584120983e-05	0.000378071833648393	0	9.45179584120983e-05	9.45179584120983e-05	0	9.45179584120983e-05	9.45179584120983e-05	0	0.264945	0.233541	0.229474	0.272039
-24	0.000378071833648393	0.000472589792060492	0	0.00151228733459357	0.000850661625708885	0	0.000472589792060492	0.000189035916824197	0	0.00056710775047259	0.00056710775047259	0	0.00170132325141777	0.00151228733459357	0	9.45179584120983e-05	0.000189035916824197	0	0.000283553875236295	0.000189035916824197	0	0.000378071833648393	0.000378071833648393	0	0.262202	0.230515	0.225407	0.281877
-23	0.000661625708884688	0.000756143667296786	0	0.00141776937618147	0.000661625708884688	0	0.000189035916824197	0.000472589792060492	0	0.000378071833648393	0.000756143667296786	0	0.00170132325141777	0.00207939508506616	0	0.000189035916824197	0.000283553875236295	0	0.000189035916824197	0.000189035916824197	0	9.45179584120983e-05	0	0	0.258891	0.237987	0.225974	0.277147
-22	0.000283553875236295	0.000472589792060492	0	0.000945179584120983	0.000661625708884688	0	0.000283553875236295	0	0	0.000756143667296786	0.000189035916824197	0	0.00170132325141777	0.00189035916824197	0	0.000283553875236295	9.45179584120983e-05	0	0.000283553875236295	9.45179584120983e-05	0	0.000189035916824197	9.45179584120983e-05	0	0.257518	0.230282	0.238226	0.273974
-21	0.000472589792060492	0.00141776937618147	0	0.00056710775047259	0.000378071833648393	0	0.000189035916824197	0.000283553875236295	0	0.00103969754253308	0.000850661625708885	0	0.00113421550094518	0.00132325141776938	0	0.000283553875236295	0.000189035916824197	0	0.000189035916824197	0.000283553875236295	0	9.45179584120983e-05	0.000283553875236295	0	0.262342	0.230093	0.235389	0.272177
-20	0.000756143667296786	0.000283553875236295	0	0.000850661625708885	0.000189035916824197	0	0.000472589792060492	0.000378071833648393	0	0.00056710775047259	0.000472589792060492	0	0.00160680529300567	0.000756143667296786	0	0.000378071833648393	0.000378071833648393	0	9.45179584120983e-05	0.000945179584120983	0	9.45179584120983e-05	0.000283553875236295	0	0.263382	0.240496	0.228674	0.267448
-19	0.000472589792060492	0.000472589792060492	0	0.000661625708884688	9.45179584120983e-05	0	0	9.45179584120983e-05	0	0.000756143667296786	0.000189035916824197	0	0.00151228733459357	0.00160680529300567	0	0.000189035916824197	0.00056710775047259	0	0.000189035916824197	0.000283553875236295	0	0.000378071833648393	0	0	0.270096	0.232268	0.228012	0.269624
-18	0.00141776937618147	0.000283553875236295	0	0.000661625708884688	0.000189035916824197	0	0.000283553875236295	0.000472589792060492	0	0.000189035916824197	0.000283553875236295	0	0.00207939508506616	0.00103969754253308	0	0.000283553875236295	9.45179584120983e-05	0	0.000189035916824197	0.000283553875236295	0	0	0.000189035916824197	0	0.26168	0.233497	0.233119	0.271704
-17	0.000283553875236295	0.000472589792060492	0	0.000378071833648393	0.000189035916824197	0	0.000378071833648393	0.000189035916824197	0	0.000850661625708885	0.000756143667296786	0	0.00189035916824197	0.00170132325141777	0	9.45179584120983e-05	0.000189035916824197	0	9.45179584120983e-05	0.000283553875236295	0	9.45179584120983e-05	0.000189035916824197	0	0.265154	0.226667	0.231395	0.276785
-16	0.000472589792060492	0.000472589792060492	0	0.000189035916824197	0.000472589792060492	0	9.45179584120983e-05	0.000378071833648393	0	0.000472589792060492	0.000283553875236295	0	0.00132325141776938	0.000850661625708885	0	0.000189035916824197	9.45179584120983e-05	0	0.000283553875236295	0.000189035916824197	0	0.000283553875236295	0.000189035916824197	0	0.264681	0.229598	0.224775	0.280946
-15	0.000283553875236295	0.000756143667296786	0	9.45179584120983e-05	0.00056710775047259	0	0.000472589792060492	0.000661625708884688	0	0.000189035916824197	0.000661625708884688	0	0.000756143667296786	0.000756143667296786	0	0.000378071833648393	0.000283553875236295	0	0.000945179584120983	0.000189035916824197	0	0.000283553875236295	9.45179584120983e-05	0	0.264965	0.232246	0.23253	0.27026
-14	0.000472589792060492	9.45179584120983e-05	0	0.000189035916824197	0.000189035916824197	0	0.000189035916824197	0.00056710775047259	0	0.000283553875236295	0.00056710775047259	0	0.00160680529300567	0.000756143667296786	0	0.00056710775047259	0	0	0.000283553875236295	9.45179584120983e-05	0	0	0	0	0.263735	0.236785	0.231962	0.267518
-13	0.000472589792060492	0.00056710775047259	0	0.000189035916824197	0.000472589792060492	0	0.000378071833648393	0.000283553875236295	0	0.000756143667296786	0.000472589792060492	0	0.00103969754253308	0.000945179584120983	0	9.45179584120983e-05	0.000189035916824197	0	0.000283553875236295	9.45179584120983e-05	0	0.000189035916824197	0.000189035916824197	0	0.265626	0.231017	0.236028	0.267329
-12	0.000756143667296786	0.000945179584120983	0	0.000472589792060492	0	0	0.000661625708884688	0.000661625708884688	0	0.000283553875236295	0.000472589792060492	0	0.00170132325141777	0.000472589792060492	0	0.000189035916824197	0.000283553875236295	0	0.000283553875236295	9.45179584120983e-05	0	0.000189035916824197	0.000189035916824197	0	0.268533	0.222958	0.233453	0.275057
-11	9.45179584120983e-05	0.000472589792060492	0	0.00056710775047259	0.000189035916824197	0	0.00056710775047259	0.000756143667296786	0	0.000661625708884688	0.00056710775047259	0	0.000850661625708885	0.000756143667296786	0	9.45179584120983e-05	9.45179584120983e-05	0	0.000189035916824197	0.000283553875236295	0	0.000189035916824197	0.000472589792060492	0	0.274489	0.224849	0.231184	0.269478
-10	0.00056710775047259	0.00056710775047259	0	0.000189035916824197	9.45179584120983e-05	0	0.000283553875236295	0.000756143667296786	0	0.00056710775047259	0.000378071833648393	0	0.000756143667296786	0.000378071833648393	0	0.000283553875236295	9.45179584120983e-05	0	0.000189035916824197	0.000189035916824197	0	9.45179584120983e-05	0.000189035916824197	0	0.262481	0.228915	0.232886	0.275719
-9	0.000945179584120983	0.000472589792060492	0	0.000472589792060492	0.000189035916824197	0	0.000661625708884688	0.000850661625708885	0	0.000472589792060492	0.000378071833648393	0	0.000756143667296786	0.000378071833648393	0	0	0	0	9.45179584120983e-05	0	0	0	0.000756143667296786	0	0.264467	0.223714	0.248109	0.26371
-8	0.000472589792060492	0.000189035916824197	0	0	9.45179584120983e-05	0	0.000756143667296786	0.000850661625708885	0	0.000472589792060492	0.000189035916824197	0	0.000945179584120983	0.000283553875236295	0	0.000189035916824197	0	0	9.45179584120983e-05	0.000283553875236295	0	0.000189035916824197	0.000378071833648393	0	0.260849	0.219344	0.229649	0.290158
-7	0.00056710775047259	9.45179584120983e-05	0	0.000189035916824197	9.45179584120983e-05	0	0.000756143667296786	0.00151228733459357	0	0.00056710775047259	9.45179584120983e-05	0	0.000472589792060492	0.000283553875236295	0	0.000283553875236295	0.000189035916824197	0	9.45179584120983e-05	0	0	0.000189035916824197	0	0	0.264725	0.208755	0.215751	0.310769
-6	0.000472589792060492	0.000378071833648393	0	9.45179584120983e-05	0.000378071833648393	0	0.000850661625708885	0.00122873345935728	0	0.000378071833648393	0.000756143667296786	0	0.000756143667296786	0.000472589792060492	0	9.45179584120983e-05	9.45179584120983e-05	0	0.000283553875236295	0	0	0.000472589792060492	0.000189035916824197	0	0.299329	0.194289	0.199773	0.306609
-5	0.000189035916824197	0.000283553875236295	0	0.000189035916824197	0	0	0.000850661625708885	0.00387523629489603	0	0.000378071833648393	9.45179584120983e-05	0	0.000378071833648393	0.000189035916824197	0	9.45179584120983e-05	0.000472589792060492	0	0.000189035916824197	0	0	0.000189035916824197	0.000472589792060492	0	0.310485	0.188806	0.185024	0.315685
-4	9.45179584120983e-05	0.000945179584120983	0	9.45179584120983e-05	0.000189035916824197	0	0.00151228733459357	0.00349716446124764	0	0.000189035916824197	9.45179584120983e-05	0	0.000378071833648393	0.000283553875236295	0	0	0.000378071833648393	0	0	0	0	0.000756143667296786	9.45179584120983e-05	0	0.328259	0.194006	0.191453	0.286282
-3	0.000378071833648393	0.000378071833648393	0	9.45179584120983e-05	9.45179584120983e-05	0	0.00122873345935728	0.0276937618147448	0	9.45179584120983e-05	9.45179584120983e-05	0	0.000283553875236295	0.000283553875236295	0	0	0.000378071833648393	0	0.000283553875236295	9.45179584120983e-05	0	0.000378071833648393	0.000189035916824197	0	0.335161	0.183984	0.19202	0.288834
-2	0.000283553875236295	0.000756143667296786	0	0.000378071833648393	9.45179584120983e-05	0	0.00387523629489603	0.00500945179584121	0	0.000756143667296786	0.000378071833648393	0	0.000283553875236295	0.000472589792060492	0	0.000189035916824197	0.000283553875236295	0	0	9.45179584120983e-05	0	0	0	0	0.346696	0.191642	0.190035	0.271627
-1	0.000945179584120983	0.000189035916824197	0	0	9.45179584120983e-05	0	0.00349716446124764	0.00661625708884688	0	9.45179584120983e-05	0.000283553875236295	0	0.000472589792060492	0.000472589792060492	0	9.45179584120983e-05	0.000283553875236295	0	0	9.45179584120983e-05	0	0.000189035916824197	9.45179584120983e-05	0	0.319939	0.2045	0.21906	0.2565
0	0.000378071833648393	0.000189035916824197	0	0.000189035916824197	0.000283553875236295	0	0.0276937618147448	0.00406427221172023	0	9.45179584120983e-05	0.000189035916824197	0	0.000189035916824197	9.45179584120983e-05	0	0.000472589792060492	9.45179584120983e-05	0	0	0	0	0.000472589792060492	0	0	0.302638	0.213009	0.236362	0.247991
1	0.000756143667296786	0	0	9.45179584120983e-05	0.000661625708884688	0	0.00500945179584121	0.00226843100189036	0	9.45179584120983e-05	0.000472589792060492	0	0.000283553875236295	9.45179584120983e-05	0	0.000378071833648393	0	0	0	0	0	9.45179584120983e-05	0.000378071833648393	0	0.271627	0.233053	0.249409	0.245911
2	0.000189035916824197	0	0	9.45179584120983e-05	0	0	0.00661625708884688	0.00217391304347826	0	0.000378071833648393	9.45179584120983e-05	0	0.000283553875236295	9.45179584120983e-05	0	0.000378071833648393	0.000189035916824197	0	9.45179584120983e-05	9.45179584120983e-05	0	0.000189035916824197	0.000378071833648393	0	0.250449	0.244682	0.254325	0.250544
3	0.000189035916824197	0.000189035916824197	0	9.45179584120983e-05	0.00056710775047259	0	0.00406427221172023	0.00113421550094518	0	0.000283553875236295	0.000661625708884688	0	0.000472589792060492	0.000189035916824197	0	0.000283553875236295	9.45179584120983e-05	0	9.45179584120983e-05	0	0	0	9.45179584120983e-05	0	0.255082	0.238158	0.252907	0.253853
4	0	0.000189035916824197	0	0.000283553875236295	0.000378071833648393	0	0.00226843100189036	0.00122873345935728	0	0.000189035916824197	0.000756143667296786	0	0.000472589792060492	9.45179584120983e-05	0	0.000283553875236295	9.45179584120983e-05	0	9.45179584120983e-05	0.000283553875236295	0	9.45179584120983e-05	0.000189035916824197	0	0.263591	0.237307	0.246478	0.252624
5	0	9.45179584120983e-05	0	0.000661625708884688	0.000189035916824197	0	0.00217391304347826	0.00151228733459357	0	0.000472589792060492	0.000283553875236295	0	9.45179584120983e-05	0.000189035916824197	0	9.45179584120983e-05	0.000472589792060492	0	0	9.45179584120983e-05	0	0	0.000472589792060492	0	0.251867	0.233998	0.248275	0.26586
6	0.000189035916824197	0.000661625708884688	0	0	0.000661625708884688	0	0.00113421550094518	0.00056710775047259	0	9.45179584120983e-05	0.000661625708884688	0	9.45179584120983e-05	0.000283553875236295	0	0	0.000189035916824197	0	0	9.45179584120983e-05	0	0.000378071833648393	9.45179584120983e-05	0	0.254088	0.235277	0.239342	0.271292
7	0.000189035916824197	0.000189035916824197	0	0.00056710775047259	0.000189035916824197	0	0.00122873345935728	0.000661625708884688	0	0.000661625708884688	0.000661625708884688	0	9.45179584120983e-05	0.00056710775047259	0	0.000189035916824197	9.45179584120983e-05	0	9.45179584120983e-05	9.45179584120983e-05	0	0.000378071833648393	0.00056710775047259	0	0.260705	0.241989	0.232725	0.264581
8	9.45179584120983e-05	0.000378071833648393	0	0.000378071833648393	0.000283553875236295	0	0.00151228733459357	0.000850661625708885	0	0.000756143667296786	0.000945179584120983	0	0.000189035916824197	0.000189035916824197	0	9.45179584120983e-05	0.000283553875236295	0	0	9.45179584120983e-05	0	9.45179584120983e-05	9.45179584120983e-05	0	0.262218	0.244257	0.224974	0.268551
9	0.000661625708884688	9.45179584120983e-05	0	0.000189035916824197	0.000472589792060492	0	0.00056710775047259	0.000661625708884688	0	0.000283553875236295	0.000756143667296786	0	9.45179584120983e-05	0.00056710775047259	0	9.45179584120983e-05	0.000283553875236295	0	0.000283553875236295	0.000189035916824197	0	0.000189035916824197	0	0	0.267889	0.237357	0.225069	0.269685
10	0.000189035916824197	9.45179584120983e-05	0	0.000661625708884688	0	0	0.000661625708884688	0.00056710775047259	0	0.000661625708884688	0.00103969754253308	0	0.000189035916824197	0.000661625708884688	0	0.000472589792060492	0.000189035916824197	0	9.45179584120983e-05	0.000189035916824197	0	0.000472589792060492	9.45179584120983e-05	0	0.261083	0.238208	0.230078	0.27063
11	0.000378071833648393	0.000283553875236295	0	0.000189035916824197	0	0	0.000850661625708885	0.000945179584120983	0	0.000661625708884688	0.00113421550094518	0	0.000283553875236295	0.000283553875236295	0	0.000189035916824197	0.000283553875236295	0	9.45179584120983e-05	0.000189035916824197	0	9.45179584120983e-05	9.45179584120983e-05	0	0.263068	0.242272	0.231024	0.263636
12	9.45179584120983e-05	9.45179584120983e-05	0	0.000283553875236295	9.45179584120983e-05	0	0.000661625708884688	0.000472589792060492	0	0.000945179584120983	0.00141776937618147	0	0.00056710775047259	0.000378071833648393	0	9.45179584120983e-05	0.000189035916824197	0	9.45179584120983e-05	0.000189035916824197	0	0.00056710775047259	0.000283553875236295	0	0.245392	0.250591	0.23679	0.267228
13	9.45179584120983e-05	0.000283553875236295	0	0.000472589792060492	0	0	0.00056710775047259	0.000283553875236295	0	0.000756143667296786	0.000756143667296786	0	0.000189035916824197	0.000283553875236295	0	0.000283553875236295	0.000472589792060492	0	9.45179584120983e-05	9.45179584120983e-05	0	9.45179584120983e-05	0	0	0.246148	0.255223	0.226865	0.271765
14	0.000283553875236295	0.000378071833648393	0	0	9.45179584120983e-05	0	0.000945179584120983	0.000945179584120983	0	0.00103969754253308	0.000378071833648393	0	0.00056710775047259	0.000472589792060492	0	0.000283553875236295	9.45179584120983e-05	0	0.000189035916824197	0.000189035916824197	0	0	0.000283553875236295	0	0.255695	0.245014	0.228282	0.271009
15	9.45179584120983e-05	0.000189035916824197	0	0	9.45179584120983e-05	0	0.000472589792060492	0.000756143667296786	0	0.00113421550094518	0.00113421550094518	0	0.000661625708884688	0.000378071833648393	0	0.000189035916824197	0.000189035916824197	0	0.000189035916824197	0	0	9.45179584120983e-05	0	0	0.259193	0.231874	0.234616	0.274317
16	0.000283553875236295	0.000756143667296786	0	9.45179584120983e-05	9.45179584120983e-05	0	0.000283553875236295	0.00056710775047259	0	0.00141776937618147	0.000756143667296786	0	0.000283553875236295	0.000472589792060492	0	0.000283553875236295	9.45179584120983e-05	0	0.000189035916824197	0.000189035916824197	0	9.45179584120983e-05	0.000283553875236295	0	0.263327	0.227788	0.227694	0.281191
17	0.000378071833648393	9.45179584120983e-05	0	0	0.000189035916824197	0	0.000945179584120983	0.000189035916824197	0	0.000756143667296786	0.000756143667296786	0	0.000378071833648393	0.000472589792060492	0	0.000189035916824197	0.000283553875236295	0	0.000189035916824197	0.000189035916824197	0	0.000283553875236295	0.000472589792060492	0	0.263327	0.229584	0.218998	0.288091
18	0.000189035916824197	0.000283553875236295	0	9.45179584120983e-05	9.45179584120983e-05	0	0.000756143667296786	0.00056710775047259	0	0.000378071833648393	0.000756143667296786	0	0.000283553875236295	0.00056710775047259	0	0.000472589792060492	0.000189035916824197	0	9.45179584120983e-05	0	0	0	0	0	0.263611	0.224764	0.224669	0.286957
19	0.000756143667296786	0.000283553875236295	0	9.45179584120983e-05	9.45179584120983e-05	0	0.00056710775047259	0.000472589792060492	0	0.00113421550094518	0.000756143667296786	0	0.000472589792060492	0.000661625708884688	0	9.45179584120983e-05	0	0	0.000189035916824197	9.45179584120983e-05	0	0.000283553875236295	0.000378071833648393	0	0.260586	0.240076	0.223535	0.275803
20	9.45179584120983e-05	9.45179584120983e-05	0	9.45179584120983e-05	9.45179584120983e-05	0	0.000189035916824197	0.00103969754253308	0	0.000756143667296786	0.000661625708884688	0	0.000378071833648393	0.000189035916824197	0	0.000189035916824197	9.45179584120983e-05	0	0	9.45179584120983e-05	0	0	0.000189035916824197	0	0.265312	0.225898	0.232703	0.276087
21	0.000283553875236295	0.000189035916824197	0	0.000189035916824197	9.45179584120983e-05	0	0.00056710775047259	0.000378071833648393	0	0.000756143667296786	0.00056710775047259	0	0.000472589792060492	0.000283553875236295	0	9.45179584120983e-05	0	0	0.000189035916824197	0.000756143667296786	0	0.000283553875236295	0.000189035916824197	0	0.264178	0.236673	0.234594	0.264556
22	0.000283553875236295	0.000283553875236295	0	9.45179584120983e-05	0.000189035916824197	0	0.000472589792060492	0.000756143667296786	0	0.000756143667296786	0.000661625708884688	0	0.000472589792060492	0.000661625708884688	0	0.000283553875236295	0.000283553875236295	0	0.000189035916824197	9.45179584120983e-05	0	0.000472589792060492	0.000378071833648393	0	0.244447	0.215994	0.258626	0.280934
23	9.45179584120983e-05	0.000472589792060492	0	9.45179584120983e-05	0	0	0.00103969754253308	0.000283553875236295	0	0.000756143667296786	0.00103969754253308	0	0.00056710775047259	0.000189035916824197	0	0.000189035916824197	0.000472589792060492	0	0	0.000189035916824197	0	0	9.45179584120983e-05	0	0.199338	0.226843	0.248393	0.325425
24	0.000189035916824197	0.000283553875236295	0	9.45179584120983e-05	9.45179584120983e-05	0	0.000378071833648393	0.000850661625708885	0	0.000661625708884688	0.000756143667296786	0	0.000661625708884688	0.000189035916824197	0	0	0.000472589792060492	0	9.45179584120983e-05	9.45179584120983e-05	0	0.000378071833648393	0	0	0.183648	0.300567	0.264367	0.251418
25	0.000283553875236295	9.45179584120983e-05	0	9.45179584120983e-05	9.45179584120983e-05	0	0.000756143667296786	0.000283553875236295	0	0.00056710775047259	0.000661625708884688	0	0.000189035916824197	0.000283553875236295	0	9.45179584120983e-05	0.000283553875236295	0	9.45179584120983e-05	0	0	0.000189035916824197	9.45179584120983e-05	0	0.37552	0.200662	0.195841	0.227977
26	0.000472589792060492	0	0	0.000189035916824197	0.00056710775047259	0	0.000283553875236295	0.000472589792060492	0	0.000661625708884688	0.000378071833648393	0	0.000283553875236295	0.000283553875236295	0	0	0.000189035916824197	0	0.000756143667296786	9.45179584120983e-05	0	0.000189035916824197	0	0	0.216824	0.216352	0.298204	0.26862
27	0.000283553875236295	0.000189035916824197	0	0	0	0	0.000850661625708885	0.000283553875236295	0	0.00103969754253308	0.000661625708884688	0	0.000661625708884688	0.00056710775047259	0	0.000283553875236295	0.000283553875236295	0	9.45179584120983e-05	9.45179584120983e-05	0	0.000378071833648393	9.45179584120983e-05	0	0.260775	0.152174	0.201607	0.385444
28	9.45179584120983e-05	0.000189035916824197	0	9.45179584120983e-05	9.45179584120983e-05	0	0.000283553875236295	9.45179584120983e-05	0	0.000756143667296786	0.000283553875236295	0	0.000189035916824197	0.000189035916824197	0	0.000472589792060492	0.000283553875236295	0	0.000189035916824197	0	0	9.45179584120983e-05	9.45179584120983e-05	0	0.237713	0.224953	0.211815	0.32552
29	0	0	0	9.45179584120983e-05	0.000283553875236295	0	0.000472589792060492	0.000378071833648393	0	0.000661625708884688	0.000378071833648393	0	0.000189035916824197	0.000378071833648393	0	0.000472589792060492	0	0	9.45179584120983e-05	0	0	0	0.000472589792060492	0	0.223724	0.209924	0.254253	0.312098
30	0.000189035916824197	0.000189035916824197	0	0.00056710775047259	0.000756143667296786	0	0.000283553875236295	0.000283553875236295	0	0.000378071833648393	0.000661625708884688	0	0.000283553875236295	0.00056710775047259	0	0.000283553875236295	0	0	0	0.000189035916824197	0	9.45179584120983e-05	0.000189035916824197	0	0.232798	0.226087	0.233743	0.307372
31	0.000189035916824197	9.45179584120983e-05	0	0	0.000378071833648393	0	9.45179584120983e-05	0.000661625708884688	0	0.000661625708884688	0.000189035916824197	0	0.000283553875236295	9.45179584120983e-05	0	0.000189035916824197	9.45179584120983e-05	0	9.45179584120983e-05	0	0	0	0.000189035916824197	0	0.223629	0.248866	0.213138	0.314367
32	0	0.000378071833648393	0	9.45179584120983e-05	0.000378071833648393	0	0.000378071833648393	0.000472589792060492	0	0.000283553875236295	0.00056710775047259	0	0.00056710775047259	0	0	0.000283553875236295	0.000189035916824197	0	9.45179584120983e-05	0	0	9.45179584120983e-05	9.45179584120983e-05	0	0.230813	0.246881	0.20879	0.313516
33	0.000189035916824197	0	0	0.000283553875236295	0.000283553875236295	0	0.000283553875236295	0.000378071833648393	0	0.000378071833648393	0.000189035916824197	0	0.000189035916824197	0	0	0.000283553875236295	0.000378071833648393	0	0	9.45179584120983e-05	0	9.45179584120983e-05	0	0	0.232703	0.240643	0.223913	0.302741
34	9.45179584120983e-05	0	0	0.000756143667296786	0.000283553875236295	0	0.000661625708884688	0.000378071833648393	0	0.000661625708884688	0.00056710775047259	0	0.000378071833648393	0.000189035916824197	0	0	9.45179584120983e-05	0	0	0	0	0.000472589792060492	0	0	0.225047	0.262476	0.208318	0.304159
35	0.000378071833648393	0.000189035916824197	0	0.000378071833648393	0.000189035916824197	0	0.000472589792060492	0.000472589792060492	0	0.000189035916824197	9.45179584120983e-05	0	0.00056710775047259	0.000283553875236295	0	0	0	0	0.000189035916824197	0	0	0.000189035916824197	9.45179584120983e-05	0	0.226465	0.268809	0.21569	0.289036
36	0	9.45179584120983e-05	0	0.000378071833648393	9.45179584120983e-05	0	0.000378071833648393	0.000378071833648393	0	0.00056710775047259	0.00056710775047259	0	9.45179584120983e-05	0.000189035916824197	0	9.45179584120983e-05	9.45179584120983e-05	0	0	0.000378071833648393	0	0.000189035916824197	9.45179584120983e-05	0	0.268998	0.240359	0.230151	0.260491
37	0	0.000189035916824197	0	0.000283553875236295	0.000283553875236295	0	0.000378071833648393	0.000378071833648393	0	0.000189035916824197	0.00056710775047259	0	0	9.45179584120983e-05	0	0.000189035916824197	0	0	0	0	0	9.45179584120983e-05	0	0	0.267675	0.238658	0.232609	0.261059
38	0.000189035916824197	0.000283553875236295	0	0.000283553875236295	0.000189035916824197	0	0.000472589792060492	0.00056710775047259	0	0.00056710775047259	0.000850661625708885	0	0	0.000472589792060492	0	0.000378071833648393	0	0	9.45179584120983e-05	9.45179584120983e-05	0	0	9.45179584120983e-05	0	0.257183	0.270038	0.22051	0.252268
39	9.45179584120983e-05	0.000378071833648393	0	0.000189035916824197	0.000283553875236295	0	0.000378071833648393	0.000661625708884688	0	9.45179584120983e-05	0.000283553875236295	0	0.000189035916824197	9.45179584120983e-05	0	9.45179584120983e-05	0.000283553875236295	0	0	0.000189035916824197	0	0	0.000189035916824197	0	0.254253	0.268336	0.217675	0.259735
40	0.000189035916824197	0.000378071833648393	0	9.45179584120983e-05	0.000283553875236295	0	0.000378071833648393	0.000378071833648393	0	0.00056710775047259	0.000378071833648393	0	0.000283553875236295	0.000189035916824197	0	0	0.000189035916824197	0	0	9.45179584120983e-05	0	9.45179584120983e-05	0.000189035916824197	0	0.223913	0.259074	0.23724	0.279773
41	0.000283553875236295	0.000283553875236295	0	0.000283553875236295	0.000472589792060492	0	0.00056710775047259	0.00056710775047259	0	0.00056710775047259	0.000472589792060492	0	0.000189035916824197	0	0	9.45179584120983e-05	0.000189035916824197	0	0.000378071833648393	0	0	9.45179584120983e-05	0	0	0.205766	0.283554	0.213989	0.296692
42	0.000378071833648393	0	0	0.000189035916824197	0.000472589792060492	0	0.000661625708884688	0.000472589792060492	0	0.000850661625708885	0.000283553875236295	0	9.45179584120983e-05	0	0	0	0	0	0	0	0	0	0	0	0.214556	0.286106	0.229395	0.269943
43	0.000378071833648393	9.45179584120983e-05	0	0.000283553875236295	0.000189035916824197	0	0.000378071833648393	0.000378071833648393	0	0.000283553875236295	9.45179584120983e-05	0	0.000472589792060492	0	0	0	0	0	9.45179584120983e-05	0	0	9.45179584120983e-05	0	0	0.24225	0.252836	0.251607	0.253308
44	0.000283553875236295	0.000189035916824197	0	0.000283553875236295	0	0	0.00056710775047259	0.00056710775047259	0	0.000378071833648393	0	0	9.45179584120983e-05	0	0	0.000283553875236295	0	0	0.000189035916824197	0	0	0.000189035916824197	0	0	0.25293	0.251607	0.222873	0.27259
45	0	0	0	0.000472589792060492	0	0	0.000472589792060492	0	0	0.000472589792060492	0	0	0.000189035916824197	0	0	0.000189035916824197	0	0	9.45179584120983e-05	0	0	0.000189035916824197	0	0	0.253403	0.270321	0.237524	0.238752
46	9.45179584120983e-05	0	0	0.000472589792060492	0	0	0.000378071833648393	0	0	0.000283553875236295	0	0	0	0	0	0.000189035916824197	0	0	0	0	0	0	0	0	0.26276	0.257372	0.234877	0.244991
47	0.000189035916824197	0	0	0.000189035916824197	0	0	0.00056710775047259	0	0	9.45179584120983e-05	0	0	0	0	0	0	0	0	0	0	0	0	0	0	0.266257	0.255671	0.24225	0.235822
48	0	0	0	0	0	0	0	0	0	0	0	0	0	0	0	0	0	0	0	0	0	0	0	0	0.277505	0.225331	0.26966	0.227505
49	0	0	0	0	0	0	0	0	0	0	0	0	0	0	0	0	0	0	0	0	0	0	0	0	0.287429	0.219471	0.245936	0.247164
50	0	0	0	0	0	0	0	0	0	0	0	0	0	0	0	0	0	0	0	0	0	0	0	0	0.280246	0.240643	0.24225	0.236862
51	0	0	0	0	0	0	0	0	0	0	0	0	0	0	0	0	0	0	0	0	0	0	0	0	0.294045	0.244329	0.22656	0.235066
52	0	0	0	0	0	0	0	0	0	0	0	0	0	0	0	0	0	0	0	0	0	0	0	0	0.30794	0.207183	0.256994	0.227883
53	0	0	0	0	0	0	0	0	0	0	0	0	0	0	0	0	0	0	0	0	0	0	0	0	0.256238	0.237807	0.288091	0.217864
54	0	0	0	0	0	0	0	0	0	0	0	0	0	0	0	0	0	0	0	0	0	0	0	0	0.305766	0.207278	0.226087	0.26087
55	0	0	0	0	0	0	0	0	0	0	0	0	0	0	0	0	0	0	0	0	0	0	0	0	0.267013	0.253592	0.21465	0.264745
56	0	0	0	0	0	0	0	0	0	0	0	0	0	0	0	0	0	0	0	0	0	0	0	0	0.242533	0.252079	0.24603	0.259357
57	0	0	0	0	0	0	0	0	0	0	0	0	0	0	0	0	0	0	0	0	0	0	0	0	0.245558	0.246881	0.222779	0.284783
58	0	0	0	0	0	0	0	0	0	0	0	0	0	0	0	0	0	0	0	0	0	0	0	0	0.255009	0.245841	0.21966	0.27949
59	0	0	0	0	0	0	0	0	0	0	0	0	0	0	0	0	0	0	0	0	0	0	0	0	0.256616	0.246125	0.201418	0.295841
60	0	0	0	0	0	0	0	0	0	0	0	0	0	0	0	0	0	0	0	0	0	0	0	0	0.255009	0.242628	0.208696	0.293667
61	0	0	0	0	0	0	0	0	0	0	0	0	0	0	0	0	0	0	0	0	0	0	0	0	0.259452	0.241966	0.186389	0.312193
62	0	0	0	0	0	0	0	0	0	0	0	0	0	0	0	0	0	0	0	0	0	0	0	0	0.255388	0.232798	0.201512	0.310302
63	0	0	0	0	0	0	0	0	0	0	0	0	0	0	0	0	0	0	0	0	0	0	0	0	0.266446	0.235728	0.188374	0.309452
64	0	0	0	0	0	0	0	0	0	0	0	0	0	0	0	0	0	0	0	0	0	0	0	0	0.270794	0.233743	0.193006	0.302457
65	0	0	0	0	0	0	0	0	0	0	0	0	0	0	0	0	0	0	0	0	0	0	0	0	0.269307	0.233765	0.193686	0.303242
66	0	0	0	0	0	0	0	0	0	0	0	0	0	0	0	0	0	0	0	0	0	0	0	0	0.259098	0.239437	0.199357	0.302108
67	0	0	0	0	0	0	0	0	0	0	0	0	0	0	0	0	0	0	0	0	0	0	0	0	0.258342	0.238397	0.200964	0.302297
68	0	0	0	0	0	0	0	0	0	0	0	0	0	0	0	0	0	0	0	0	0	0	0	0	0.246337	0.251725	0.211079	0.290859
69	0	0	0	0	0	0	0	0	0	0	0	0	0	0	0	0	0	0	0	0	0	0	0	0	0.242178	0.249929	0.207297	0.300596
70	0	0	0	0	0	0	0	0	0	0	0	0	0	0	0	0	0	0	0	0	0	0	0	0	0.238869	0.248228	0.201153	0.31175
71	0	0	0	0	0	0	0	0	0	0	0	0	0	0	0	0	0	0	0	0	0	0	0	0	0.231496	0.25267	0.199924	0.315909
72	0	0	0	0	0	0	0	0	0	0	0	0	0	0	0	0	0	0	0	0	0	0	0	0	0.236695	0.260705	0.202098	0.300501
73	0	0	0	0	0	0	0	0	0	0	0	0	0	0	0	0	0	0	0	0	0	0	0	0	0.242934	0.260327	0.192079	0.30466
74	0	0	0	0	0	0	0	0	0	0	0	0	0	0	0	0	0	0	0	0	0	0	0	0	0.256073	0.254277	0.192929	0.29672
75	0	0	0	0	0	0	0	0	0	0	0	0	0	0	0	0	0	0	0	0	0	0	0	0	0	0	0	0
