Distance from Center (cmd=annotatePeaks.pl combined.pos TCOv1.1 -m /home/rtraborn/Daphnia/Daphnia_CAGE_Data/promoter_analyses/de_novo_discovery/de_novo_motif_x_validation/motif_groups_network/group_rep_motifs/motif_format/Dpm_renamed_motifs_combined.motif -hist 5 -size -100,50 -norevopp)	Dpm1 total sites	Dpm1 + sites	Dpm1 - sites	Dpm2 total sites	Dpm2 + sites	Dpm2 - sites	Dpm3 total sites	Dpm3 + sites	Dpm3 - sites	Dpm4 total sites	Dpm4 + sites	Dpm4 - sites	Dpm5 total sites	Dpm5 + sites	Dpm5 - sites	Dpm6 total sites	Dpm6 + sites	Dpm6 - sites	Dpm7 total sites	Dpm7 + sites	Dpm7 - sites	Dpm8 total sites	Dpm8 + sites	Dpm8 - sites	A frequency	C frequency	G frequency	T frequency
-75	0.00054820415879017	0.000510396975425331	0	0.000699432892249527	0.000718336483931947	0	0.000189035916824197	0.000226843100189036	0	0.000623818525519849	0.000623818525519849	0	0.00126654064272212	0.000831758034026465	0	0.000302457466918715	0.000434782608695652	0	0.000264650283553875	0.000189035916824197	0	0.000151228733459357	0.000283553875236295	0	0.285381	0.206588666666667	0.211006	0.297024
-70	0.000756143667296786	0.000850661625708885	0	0.000586011342155009	0.000604914933837429	0	0.000283553875236295	0.000321361058601134	0	0.000642722117202268	0.000623818525519849	0	0.000831758034026465	0.00100189035916824	0	0.000434782608695652	0.000226843100189036	0	0.000189035916824197	0.000207939508506616	0	0.000283553875236295	0.000132325141776938	0	0.2815488	0.2122504	0.2124964	0.2937044
-65	0.000661625708884688	0.000623818525519849	0	0.000756143667296786	0.000812854442344045	0	0.000226843100189036	0.000226843100189036	0	0.000623818525519849	0.000604914933837429	0	0.00100189035916824	0.00130434782608696	0	0.000226843100189036	0.000359168241965974	0	0.000207939508506616	0.000170132325141777	0	0.000132325141776938	0.000151228733459357	0	0.287229	0.2087286	0.2131212	0.2909214
-60	0.000642722117202268	0.000718336483931947	0	0.000718336483931947	0.000812854442344045	0	0.000189035916824197	0.000170132325141777	0	0.00056710775047259	0.000869565217391304	0	0.00130434782608696	0.00132325141776938	0	0.000359168241965974	0.000340264650283554	0	0.000170132325141777	0.000151228733459357	0	0.000151228733459357	0.000189035916824197	0	0.2804506	0.2109438	0.2115686	0.2970368
-55	0.000831758034026465	0.000642722117202268	0	0.000831758034026465	0.000661625708884688	0	0.000245746691871456	0.000321361058601134	0	0.000926275992438563	0.000964083175803403	0	0.00132325141776938	0.00170132325141777	0	0.000340264650283554	0.000302457466918715	0	0.000151228733459357	0.000264650283553875	0	0.000189035916824197	0.000226843100189036	0	0.280949	0.212567	0.2165428	0.2899418
-50	0.000491493383742911	0.000623818525519849	0	0.00052930056710775	0.000359168241965974	0	0.000359168241965974	0.000302457466918715	0	0.000964083175803403	0.000793950850661626	0	0.00170132325141777	0.00136105860113422	0	0.000302457466918715	0.00054820415879017	0	0.000264650283553875	0.000170132325141777	0	0.000226843100189036	0.000226843100189036	0	0.2790864	0.214686	0.2174308	0.2887974
-45	0.000623818525519849	0.00056710775047259	0	0.000321361058601134	0.000321361058601134	0	0.000283553875236295	0.000264650283553875	0	0.000775047258979206	0.000699432892249527	0	0.00136105860113422	0.00149338374291115	0	0.00054820415879017	0.000359168241965974	0	0.000170132325141777	0.000302457466918715	0	0.000226843100189036	0.000189035916824197	0	0.276434	0.2224304	0.2162788	0.284857
-40	0.00054820415879017	0.000680529300567108	0	0.000434782608695652	0.0010586011342155	0	0.000207939508506616	0.000226843100189036	0	0.000623818525519849	0.000623818525519849	0	0.00149338374291115	0.00166351606805293	0	0.000359168241965974	0.000207939508506616	0	0.000302457466918715	0.000189035916824197	0	0.000189035916824197	0.000189035916824197	0	0.2727326	0.2229522	0.2206426	0.2836726
-35	0.000718336483931947	0.000491493383742911	0	0.00128544423440454	0.0122306238185255	0	0.000226843100189036	0.000226843100189036	0	0.000642722117202268	0.000434782608695652	0	0.00166351606805293	0.00155009451795841	0	0.000207939508506616	0.000623818525519849	0	0.000189035916824197	0.000226843100189036	0	0.000189035916824197	0.000302457466918715	0	0.2696804	0.223696	0.2211414	0.2854818
-30	0.000378071833648393	0.000321361058601134	0	0.0170132325141777	0.0103213610586011	0	0.000302457466918715	0.000207939508506616	0	0.000434782608695652	0.000831758034026465	0	0.00155009451795841	0.00168241965973535	0	0.000623818525519849	0.000151228733459357	0	0.000226843100189036	0.000189035916824197	0	0.000302457466918715	0.000207939508506616	0	0.2663992	0.2262314	0.2273476	0.2800218
-25	0.000396975425330813	0.000510396975425331	0	0.0054820415879017	0.000888468809073724	0	0.000189035916824197	0.000321361058601134	0	0.000812854442344045	0.000699432892249527	0	0.00168241965973535	0.00160680529300567	0	0.000151228733459357	0.000283553875236295	0	0.000189035916824197	0.000189035916824197	0	0.000207939508506616	0.000151228733459357	0	0.26451	0.2317822	0.2269202	0.2767876
-20	0.000680529300567108	0.000586011342155009	0	0.000737240075614367	0.000302457466918715	0	0.000245746691871456	0.000245746691871456	0	0.000661625708884688	0.000396975425330813	0	0.00160680529300567	0.00132325141776938	0	0.000283553875236295	0.000264650283553875	0	0.000189035916824197	0.000378071833648393	0	0.000151228733459357	0.000170132325141777	0	0.2630036	0.2333272	0.232684	0.2709854
-15	0.000396975425330813	0.000472589792060492	0	0.000207939508506616	0.000378071833648393	0	0.000302457466918715	0.000415879017013233	0	0.000510396975425331	0.00054820415879017	0	0.00132325141776938	0.00100189035916824	0	0.000264650283553875	0.000151228733459357	0	0.000378071833648393	0.000170132325141777	0	0.000170132325141777	0.000132325141776938	0	0.2648322	0.2312626	0.231338	0.2725676
-10	0.00056710775047259	0.00052930056710775	0	0.000340264650283554	0.000113421550094518	0	0.000586011342155009	0.000775047258979206	0	0.000491493383742911	0.000396975425330813	0	0.00100189035916824	0.000453686200378072	0	0.000151228733459357	9.45179584120983e-05	0	0.000170132325141777	0.000170132325141777	0	0.000132325141776938	0.000396975425330813	0	0.2661638	0.223956	0.2350562	0.2748244
-5	0.000340264650283554	0.000415879017013233	0	0.000132325141776938	0.000151228733459357	0	0.00103969754253308	0.00756143667296786	0	0.000321361058601134	0.000226843100189036	0	0.000453686200378072	0.000302457466918715	0	9.45179584120983e-05	0.000302457466918715	0	0.000170132325141777	1.89035916824197e-05	0	0.000396975425330813	0.000189035916824197	0	0.3075918	0.193968	0.1968042	0.3016358
0	0.000510396975425331	0.000226843100189036	0	0.000151228733459357	0.000226843100189036	0	0.00933837429111531	0.00402646502835539	0	0.000283553875236295	0.000283553875236295	0	0.000302457466918715	0.000245746691871456	0	0.000302457466918715	0.000170132325141777	0	1.89035916824197e-05	5.6710775047259e-05	0	0.000189035916824197	0.000170132325141777	0	0.2982698	0.2173772	0.2298382	0.2545146
5	0.000113421550094518	0.000264650283553875	0	0.000321361058601134	0.000396975425330813	0	0.00217391304347826	0.00102079395085066	0	0.000340264650283554	0.000604914933837429	0	0.000245746691871456	0.000264650283553875	0	0.000170132325141777	0.000189035916824197	0	5.6710775047259e-05	0.000113421550094518	0	0.000170132325141777	0.000283553875236295	0	0.2570666	0.2373458	0.2439454	0.261642
10	0.000283553875236295	0.000189035916824197	0	0.000340264650283554	0.000170132325141777	0	0.000850661625708885	0.000699432892249527	0	0.000661625708884688	0.0010586011342155	0	0.000264650283553875	0.000415879017013233	0	0.000189035916824197	0.000245746691871456	0	0.000113421550094518	0.000170132325141777	0	0.000283553875236295	0.000113421550094518	0	0.25993	0.242537	0.229587	0.267946
15	0.000226843100189036	0.000340264650283554	0	0.000113421550094518	9.45179584120983e-05	0	0.000642722117202268	0.00054820415879017	0	0.00102079395085066	0.000756143667296786	0	0.000415879017013233	0.000415879017013233	0	0.000245746691871456	0.000226843100189036	0	0.000170132325141777	0.000132325141776938	0	0.000113421550094518	0.000207939508506616	0	0.257538	0.2378966	0.227291	0.2772746
20	0.000321361058601134	0.000226843100189036	0	0.000113421550094518	0.000113421550094518	0	0.000510396975425331	0.000642722117202268	0	0.000756143667296786	0.000680529300567108	0	0.000415879017013233	0.000472589792060492	0	0.000226843100189036	0.000113421550094518	0	0.000132325141776938	0.000207939508506616	0	0.000207939508506616	0.000226843100189036	0	0.2596268	0.228681	0.2348254	0.2768674
25	0.000264650283553875	0.000207939508506616	0	9.45179584120983e-05	0.000151228733459357	0	0.000661625708884688	0.000434782608695652	0	0.000737240075614367	0.000699432892249527	0	0.000472589792060492	0.000302457466918715	0	0.000113421550094518	0.000340264650283554	0	0.000207939508506616	9.45179584120983e-05	0	0.000226843100189036	5.6710775047259e-05	0	0.247221	0.2193196	0.2416824	0.2917768
30	9.45179584120983e-05	0.000170132325141777	0	0.000170132325141777	0.000378071833648393	0	0.000302457466918715	0.000378071833648393	0	0.00054820415879017	0.000415879017013233	0	0.000302457466918715	0.000245746691871456	0	0.000340264650283554	0.000113421550094518	0	9.45179584120983e-05	3.78071833648393e-05	0	5.6710775047259e-05	0.000207939508506616	0	0.2297354	0.2313422	0.2243478	0.3145746
35	0.000132325141776938	9.45179584120983e-05	0	0.000415879017013233	0.000226843100189036	0	0.000434782608695652	0.000396975425330813	0	0.000396975425330813	0.000396975425330813	0	0.000245746691871456	0.000151228733459357	0	0.000113421550094518	0.000113421550094518	0	3.78071833648393e-05	9.45179584120983e-05	0	0.000207939508506616	3.78071833648393e-05	0	0.2441776	0.250189	0.2221362	0.2834972
40	0.000226843100189036	0.000264650283553875	0	0.000207939508506616	0.000340264650283554	0	0.000491493383742911	0.00052930056710775	0	0.00052930056710775	0.000453686200378072	0	0.000151228733459357	0.000151228733459357	0	0.000113421550094518	0.000132325141776938	0	9.45179584120983e-05	7.56143667296786e-05	0	3.78071833648393e-05	9.45179584120983e-05	0	0.2311342	0.2734216	0.2237618	0.2716822
45	0.000189035916824197	5.6710775047259e-05	0	0.000340264650283554	3.78071833648393e-05	0	0.000472589792060492	0.000189035916824197	0	0.000302457466918715	1.89035916824197e-05	0	0.000151228733459357	0	0	0.000132325141776938	0	0	7.56143667296786e-05	0	0	9.45179584120983e-05	0	0	0.25552	0.2575614	0.2378262	0.2490926
50	0	0	0	0	0	0	0	0	0	0	0	0	0	0	0	0	0	0	0	0	0	0	0	0	0.289433	0.2273914	0.24828	0.234896
55	0	0	0	0	0	0	0	0	0	0	0	0	0	0	0	0	0	0	0	0	0	0	0	0	0.2634216	0.2395274	0.2395274	0.2575238
60	0	0	0	0	0	0	0	0	0	0	0	0	0	0	0	0	0	0	0	0	0	0	0	0	0.2562948	0.2418716	0.203535	0.2982986
65	0	0	0	0	0	0	0	0	0	0	0	0	0	0	0	0	0	0	0	0	0	0	0	0	0.2647974	0.236214	0.1950774	0.3039112
70	0	0	0	0	0	0	0	0	0	0	0	0	0	0	0	0	0	0	0	0	0	0	0	0	0.239115	0.2526514	0.2043102	0.303923
75	0	0	0	0	0	0	0	0	0	0	0	0	0	0	0	0	0	0	0	0	0	0	0	0	0.2495035	0.257302	0.192504	0.30069
