Distance from Center (cmd=annotatePeaks.pl combined.pos TCOv1.1 -m /home/rtraborn/Daphnia/Daphnia_CAGE_Data/promoter_analyses/de_novo_discovery/de_novo_motif_x_validation/motif_groups_network/group_rep_motifs/motif_format/Dpm_renamed_motifs_combined.motif -hist 10 -size -200,200 -norevopp)	Dpm1 total sites	Dpm1 + sites	Dpm1 - sites	Dpm2 total sites	Dpm2 + sites	Dpm2 - sites	Dpm3 total sites	Dpm3 + sites	Dpm3 - sites	Dpm4 total sites	Dpm4 + sites	Dpm4 - sites	Dpm5 total sites	Dpm5 + sites	Dpm5 - sites	Dpm6 total sites	Dpm6 + sites	Dpm6 - sites	Dpm7 total sites	Dpm7 + sites	Dpm7 - sites	Dpm8 total sites	Dpm8 + sites	Dpm8 - sites	A frequency	C frequency	G frequency	T frequency
-200	5.6710775047259e-05	0.000132325141776938	0	0.000113421550094518	0.00054820415879017	0	4.72589792060492e-05	0.000132325141776938	0	0	0.000132325141776938	0	0	9.45179584120983e-05	0	0	0.000179584120982987	0	0	6.61625708884688e-05	0	0	7.56143667296786e-05	0	0.3016406	0.1922772	0.1952896	0.3107922
-190	0.000302457466918715	0.000349716446124764	0	0.00110586011342155	0.00121928166351607	0	0.000226843100189036	0.000170132325141777	0	0.000264650283553875	0.000274102079395085	0	0.000226843100189036	0.000255198487712665	0	0.000349716446124764	0.000330812854442344	0	0.000160680529300567	0.000179584120982987	0	0.000198487712665406	0.000217391304347826	0	0.307897	0.1926618	0.1934671	0.3059739
-180	0.000283553875236295	0.000236294896030246	0	0.00128544423440454	0.00122873345935728	0	0.000198487712665406	0.000217391304347826	0	0.000311909262759924	0.000264650283553875	0	0.000330812854442344	0.000340264650283554	0	0.000349716446124764	0.000406427221172023	0	0.000170132325141777	0.000160680529300567	0	0.000179584120982987	0.000160680529300567	0	0.3084035	0.1923542	0.1911228	0.3081194
-170	0.000245746691871456	0.000283553875236295	0	0.00133270321361059	0.00133270321361059	0	0.000245746691871456	0.000255198487712665	0	0.000311909262759924	0.000340264650283554	0	0.000274102079395085	0.000302457466918715	0	0.000378071833648393	0.000434782608695652	0	0.000198487712665406	0.000198487712665406	0	0.000160680529300567	0.000226843100189036	0	0.3068916	0.1908257	0.1935726	0.3087102
-160	0.000378071833648393	0.000349716446124764	0	0.00108695652173913	0.000964083175803403	0	0.000179584120982987	0.000179584120982987	0	0.000396975425330813	0.000510396975425331	0	0.000378071833648393	0.000349716446124764	0	0.000415879017013233	0.000255198487712665	0	0.000170132325141777	0.000141776937618147	0	0.000226843100189036	0.000217391304347826	0	0.3039305	0.1939571	0.1945917	0.3075203
-150	0.000264650283553875	0.000330812854442344	0	0.000869565217391304	0.000982986767485822	0	0.000236294896030246	0.000207939508506616	0	0.000415879017013233	0.000349716446124764	0	0.000340264650283554	0.000321361058601134	0	0.000255198487712665	0.000321361058601134	0	0.000179584120982987	0.000198487712665406	0	0.000207939508506616	0.000179584120982987	0	0.3026412	0.1942099	0.1958766	0.3072722
-140	0.000415879017013233	0.000359168241965974	0	0.0010586011342155	0.000964083175803403	0	0.000170132325141777	0.000189035916824197	0	0.000368620037807183	0.000396975425330813	0	0.000387523629489603	0.00052930056710775	0	0.000387523629489603	0.000425330812854442	0	0.000198487712665406	0.000264650283553875	0	0.000170132325141777	0.000160680529300567	0	0.2998693	0.1965232	0.1987008	0.3049066
-130	0.000349716446124764	0.000349716446124764	0	0.00104914933837429	0.00117202268431002	0	0.000170132325141777	0.000189035916824197	0	0.000378071833648393	0.000321361058601134	0	0.000500945179584121	0.000444234404536862	0	0.000368620037807183	0.000293005671077505	0	0.000236294896030246	0.000207939508506616	0	0.000245746691871456	0.000245746691871456	0	0.2970753	0.1971636	0.1990098	0.3067512
-120	0.000359168241965974	0.000396975425330813	0	0.00107750472589792	0.000850661625708885	0	0.000151228733459357	0.000141776937618147	0	0.000387523629489603	0.000519848771266541	0	0.000359168241965974	0.000340264650283554	0	0.000236294896030246	0.000302457466918715	0	0.000189035916824197	0.000160680529300567	0	0.000189035916824197	0.000179584120982987	0	0.2977164	0.1987143	0.2025295	0.3010396
-110	0.000510396975425331	0.00054820415879017	0	0.000793950850661626	0.000860113421550095	0	0.000207939508506616	0.000189035916824197	0	0.000614366729678639	0.000510396975425331	0	0.000387523629489603	0.000434782608695652	0	0.000396975425330813	0.000359168241965974	0	0.000170132325141777	0.000151228733459357	0	0.000226843100189036	0.000236294896030246	0	0.2933548	0.2028208	0.2075349	0.2962892
-100	0.000482041587901701	0.000519848771266541	0	0.000916824196597354	0.000945179584120983	0	0.000207939508506616	0.000217391304347826	0	0.000444234404536862	0.00054820415879017	0	0.000434782608695652	0.00053875236294896	0	0.000359168241965974	0.000349716446124764	0	0.000189035916824197	0.000245746691871456	0	0.000226843100189036	0.000245746691871456	0	0.2847296	0.2080798	0.2107496	0.296441
-90	0.000586011342155009	0.000491493383742911	0	0.000879017013232514	0.000727788279773157	0	0.000217391304347826	0.000245746691871456	0	0.000652173913043478	0.000623818525519849	0	0.000680529300567108	0.000756143667296786	0	0.000293005671077505	0.000330812854442344	0	0.000189035916824197	0.000113421550094518	0	0.000217391304347826	0.000207939508506616	0	0.2857697	0.2102916	0.2107934	0.2931454
-80	0.000500945179584121	0.00052930056710775	0	0.000671077504725898	0.000718336483931947	0	0.000189035916824197	0.000179584120982987	0	0.000500945179584121	0.00054820415879017	0	0.000907372400756144	0.00102079395085066	0	0.000311909262759924	0.000311909262759924	0	0.000170132325141777	0.000255198487712665	0	0.000189035916824197	0.000198487712665406	0	0.2806684	0.2119569	0.2153459	0.2920288
-70	0.000661625708884688	0.000708884688090737	0	0.000604914933837429	0.000671077504725898	0	0.000236294896030246	0.000255198487712665	0	0.000680529300567108	0.000661625708884688	0	0.000973534971644612	0.00101134215500945	0	0.000368620037807183	0.000293005671077505	0	0.000217391304347826	0.000170132325141777	0	0.000226843100189036	0.000179584120982987	0	0.2761339	0.2212818	0.2175526	0.2850316
-60	0.000680529300567108	0.000737240075614367	0	0.000841209829867675	0.000756143667296786	0	0.000236294896030246	0.000217391304347826	0	0.000661625708884688	0.000765595463137996	0	0.00120982986767486	0.00147448015122873	0	0.000311909262759924	0.000359168241965974	0	0.000170132325141777	0.000189035916824197	0	0.000132325141776938	0.000207939508506616	0	0.2697474	0.2243806	0.221911	0.2839611
-50	0.000623818525519849	0.00055765595463138	0	0.000586011342155009	0.000415879017013233	0	0.000302457466918715	0.000321361058601134	0	0.000897920604914934	0.000850661625708885	0	0.00153119092627599	0.00143667296786389	0	0.000311909262759924	0.000425330812854442	0	0.000217391304347826	0.000236294896030246	0	0.000226843100189036	0.000198487712665406	0	0.2640288	0.2289615	0.2297465	0.2772632
-40	0.000623818525519849	0.000633270321361059	0	0.000444234404536862	0.0010586011342155	0	0.000245746691871456	0.000217391304347826	0	0.000756143667296786	0.000623818525519849	0	0.0015406427221172	0.00151228733459357	0	0.000425330812854442	0.000359168241965974	0	0.000245746691871456	0.000198487712665406	0	0.000207939508506616	0.000217391304347826	0	0.2662688	0.2310313	0.231154	0.2715459
-30	0.000425330812854442	0.000387523629489603	0	0.0111436672967864	0.0110869565217391	0	0.000226843100189036	0.000245746691871456	0	0.0005765595463138	0.000642722117202268	0	0.00153119092627599	0.00165406427221172	0	0.000415879017013233	0.000293005671077505	0	0.000198487712665406	0.000236294896030246	0	0.000255198487712665	0.000217391304347826	0	0.2992107	0.2038432	0.2103487	0.2865975
-20	0.00056710775047259	0.00053875236294896	0	0.000973534971644612	0.000425330812854442	0	0.000245746691871456	0.000274102079395085	0	0.000652173913043478	0.00053875236294896	0	0.00166351606805293	0.00143667296786389	0	0.000207939508506616	0.000245746691871456	0	0.000189035916824197	0.000283553875236295	0	0.000170132325141777	0.000170132325141777	0	0.2640214	0.2359501	0.2409338	0.2590947
-10	0.000510396975425331	0.000453686200378072	0	0.000245746691871456	0.000226843100189036	0	0.00055765595463138	0.000812854442344045	0	0.000463137996219282	0.000453686200378072	0	0.000964083175803403	0.00054820415879017	0	0.000217391304347826	0.000122873345935728	0	0.000274102079395085	0.000122873345935728	0	0.000179584120982987	0.000245746691871456	0	0.25812	0.2384955	0.2282578	0.2751263
0	0.000340264650283554	0.000311909262759924	0	0.000151228733459357	0.000245746691871456	0	0.00566162570888469	0.00575614366729679	0	0.000255198487712665	0.000311909262759924	0	0.000340264650283554	0.000217391304347826	0	0.000217391304347826	0.000226843100189036	0	7.56143667296786e-05	6.61625708884688e-05	0	0.000236294896030246	0.000189035916824197	0	0.2470862	0.2210249	0.2400628	0.291826
10	0.000217391304347826	0.000255198487712665	0	0.000349716446124764	0.000198487712665406	0	0.00103024574669187	0.000746691871455577	0	0.000633270321361059	0.000803402646502836	0	0.000236294896030246	0.000387523629489603	0	0.000179584120982987	0.000255198487712665	0	9.45179584120983e-05	0.000141776937618147	0	0.000226843100189036	0.000198487712665406	0	0.2419415	0.2511389	0.220484	0.2864355
20	0.000264650283553875	0.000293005671077505	0	8.50661625708885e-05	0.000103969754253308	0	0.00056710775047259	0.000586011342155009	0	0.000850661625708885	0.000784499054820416	0	0.000463137996219282	0.000406427221172023	0	0.000198487712665406	0.000207939508506616	0	0.000132325141776938	0.000170132325141777	0	0.000189035916824197	0.000198487712665406	0	0.248634	0.2562245	0.2385293	0.2566121
30	0.000179584120982987	0.000113421550094518	0	0.000217391304347826	0.000311909262759924	0	0.000434782608695652	0.000368620037807183	0	0.000604914933837429	0.000453686200378072	0	0.000321361058601134	0.000255198487712665	0	0.000236294896030246	0.000179584120982987	0	0.000141776937618147	4.72589792060492e-05	0	0.000160680529300567	0.000122873345935728	0	0.2710842	0.2381133	0.2344645	0.256338
40	0.000217391304347826	0.000207939508506616	0	0.000264650283553875	0.000274102079395085	0	0.000463137996219282	0.000482041587901701	0	0.000425330812854442	0.000387523629489603	0	0.000198487712665406	0.000217391304347826	0	0.000113421550094518	0.000113421550094518	0	9.45179584120983e-05	0.000132325141776938	0	9.45179584120983e-05	0.000122873345935728	0	0.2582595	0.2400057	0.1989604	0.3027744
50	0.000170132325141777	0.000198487712665406	0	0.000406427221172023	0.00052930056710775	0	0.000396975425330813	0.000340264650283554	0	0.000311909262759924	0.000293005671077505	0	0.000283553875236295	0.000293005671077505	0	0.000226843100189036	0.000283553875236295	0	0.000141776937618147	0.000160680529300567	0	0.000189035916824197	0.000226843100189036	0	0.2560014	0.2436253	0.1936714	0.3067019
60	0.000151228733459357	0.000113421550094518	0	0.000652173913043478	0.000652173913043478	0	0.000198487712665406	0.000217391304347826	0	0.000264650283553875	0.000302457466918715	0	0.000264650283553875	0.000302457466918715	0	0.000217391304347826	0.000207939508506616	0	0.000141776937618147	0.000141776937618147	0	0.000189035916824197	0.000198487712665406	0	0.2836774	0.2131456	0.1813498	0.321827
70	0.000122873345935728	0.000113421550094518	0	0.000699432892249527	0.000699432892249527	0	0.000274102079395085	0.000236294896030246	0	0.000311909262759924	0.000321361058601134	0	0.000255198487712665	0.000274102079395085	0	0.000226843100189036	0.000311909262759924	0	0.000132325141776938	9.45179584120983e-05	0	0.000236294896030246	0.000217391304347826	0	0.286037	0.2079582	0.181538	0.3244668
80	0.000103969754253308	0.000132325141776938	0	0.000689981096408318	0.000680529300567108	0	0.000245746691871456	0.000245746691871456	0	0.000321361058601134	0.000415879017013233	0	0.000349716446124764	0.000283553875236295	0	0.000359168241965974	0.000255198487712665	0	6.61625708884688e-05	3.78071833648393e-05	0	0.000198487712665406	0.000245746691871456	0	0.2864643	0.2081404	0.1817554	0.32364
90	0.000179584120982987	0.000207939508506616	0	0.000595463137996219	0.000661625708884688	0	0.000274102079395085	0.000264650283553875	0	0.000425330812854442	0.000396975425330813	0	0.000293005671077505	0.000340264650283554	0	0.000189035916824197	0.000189035916824197	0	4.72589792060492e-05	9.45179584120983e-05	0	0.000255198487712665	0.000207939508506616	0	0.2839617	0.2065174	0.1842313	0.3252899
100	0.000151228733459357	0.000132325141776938	0	0.000689981096408318	0.000604914933837429	0	0.000207939508506616	0.000198487712665406	0	0.000396975425330813	0.000321361058601134	0	0.000274102079395085	0.000226843100189036	0	0.000311909262759924	0.000378071833648393	0	0.000103969754253308	0.000160680529300567	0	0.000217391304347826	0.000207939508506616	0	0.2866009	0.2014682	0.1835678	0.328363
110	9.45179584120983e-05	8.50661625708885e-05	0	0.000727788279773157	0.000822306238185255	0	0.000179584120982987	0.000217391304347826	0	0.000349716446124764	0.000330812854442344	0	0.000274102079395085	0.000293005671077505	0	0.000321361058601134	0.000302457466918715	0	0.000160680529300567	9.45179584120983e-05	0	0.000179584120982987	0.000198487712665406	0	0.290194	0.198645	0.1865993	0.3245616
120	0.000113421550094518	0.000151228733459357	0	0.000737240075614367	0.000614366729678639	0	0.000311909262759924	0.000311909262759924	0	0.000293005671077505	0.000274102079395085	0	0.000245746691871456	0.000264650283553875	0	0.000302457466918715	0.000340264650283554	0	0.000141776937618147	0.000103969754253308	0	0.000198487712665406	0.000141776937618147	0	0.2866836	0.1975227	0.1881352	0.3276585
130	0.000226843100189036	0.000189035916824197	0	0.0005765595463138	0.000633270321361059	0	0.000226843100189036	0.000198487712665406	0	0.000311909262759924	0.000378071833648393	0	0.000264650283553875	0.000255198487712665	0	0.000321361058601134	0.000283553875236295	0	8.50661625708885e-05	0.000113421550094518	0	0.000141776937618147	0.000236294896030246	0	0.2797899	0.1989779	0.1912457	0.3299864
140	0.000160680529300567	0.000141776937618147	0	0.00054820415879017	0.00055765595463138	0	0.000245746691871456	0.000236294896030246	0	0.000359168241965974	0.000378071833648393	0	0.000311909262759924	0.000359168241965974	0	0.000255198487712665	0.000311909262759924	0	7.56143667296786e-05	0.000103969754253308	0	0.000283553875236295	0.000170132325141777	0	0.2786517	0.2013669	0.1930752	0.3269064
150	0.000113421550094518	0.000122873345935728	0	0.000614366729678639	0.0005765595463138	0	0.000274102079395085	0.000245746691871456	0	0.000330812854442344	0.000293005671077505	0	0.000396975425330813	0.000396975425330813	0	0.000387523629489603	0.000302457466918715	0	0.000113421550094518	7.56143667296786e-05	0	0.000189035916824197	0.000264650283553875	0	0.2823147	0.2007933	0.1947351	0.3221572
160	0.000103969754253308	0.000122873345935728	0	0.0005765595463138	0.000586011342155009	0	0.000198487712665406	0.000264650283553875	0	0.000330812854442344	0.000274102079395085	0	0.000321361058601134	0.000302457466918715	0	0.000264650283553875	0.000302457466918715	0	0.000141776937618147	0.000217391304347826	0	0.000245746691871456	0.000245746691871456	0	0.2801587	0.2022948	0.1968987	0.320648
170	0.000207939508506616	0.000198487712665406	0	0.000642722117202268	0.000661625708884688	0	0.000226843100189036	0.000189035916824197	0	0.000245746691871456	0.000330812854442344	0	0.000293005671077505	0.000274102079395085	0	0.000330812854442344	0.000311909262759924	0	0.000151228733459357	0.000113421550094518	0	0.000293005671077505	0.000293005671077505	0	0.2778705	0.2012837	0.1986898	0.3221562
180	0.000151228733459357	0.000160680529300567	0	0.000500945179584121	0.000434782608695652	0	0.000207939508506616	0.000198487712665406	0	0.000368620037807183	0.000349716446124764	0	0.000236294896030246	0.000255198487712665	0	0.000311909262759924	0.000245746691871456	0	0.000132325141776938	0.000122873345935728	0	0.000198487712665406	0.000255198487712665	0	0.2805432	0.2038441	0.2013636	0.3142492
190	0.000160680529300567	0.000189035916824197	0	0.000472589792060492	0.000510396975425331	0	0.000207939508506616	0.000236294896030246	0	0.000415879017013233	0.000387523629489603	0	0.000368620037807183	0.000255198487712665	0	0.000198487712665406	0.000207939508506616	0	0.000122873345935728	6.61625708884688e-05	0	0.000359168241965974	0.000236294896030246	0	0.2758003	0.2094612	0.2058064	0.3089322
200	7.56143667296786e-05	0	0	0.000236294896030246	0	0	6.61625708884688e-05	0	0	0.000122873345935728	0	0	4.72589792060492e-05	0	0	8.50661625708885e-05	0	0	9.45179584120983e-06	0	0	4.72589792060492e-05	0	0	0.2738738	0.2119208	0.2077926	0.306413
