>GGCCCCGCCCCC	Sp1(Zf)/Promoter/Homer	8.685072	-2.306247e+03	0	149303.9,11385.0,33332.5,6807.0,0.00e+00
0.181	0.218	0.541	0.060
0.050	0.001	0.948	0.001
0.013	0.870	0.061	0.056
0.033	0.815	0.001	0.151
0.049	0.949	0.001	0.001
0.001	0.997	0.001	0.001
0.025	0.001	0.973	0.001
0.001	0.997	0.001	0.001
0.001	0.997	0.001	0.001
0.001	0.881	0.001	0.117
0.103	0.824	0.001	0.071
0.037	0.512	0.221	0.230

>CAAGATGGCGGC	YY1(Zf)/Promoter/Homer	8.783400	-7.129795e+02	0	149303.9,11385.0,2727.7,842.0,0.00e+00
0.102	0.696	0.170	0.032
0.997	0.001	0.001	0.001
0.995	0.001	0.003	0.001
0.147	0.160	0.661	0.032
0.997	0.001	0.001	0.001
0.001	0.001	0.001	0.997
0.001	0.001	0.997	0.001
0.001	0.001	0.997	0.001
0.001	0.980	0.001	0.018
0.057	0.075	0.815	0.053
0.045	0.004	0.942	0.009
0.097	0.852	0.013	0.039

>ATAGTGCCACCTGGTGGCCA	CTCF(Zf)/CD4+-CTCF-ChIP-Seq(Barski et al.)/Homer	8.704837	-6.281855e+03	0	15000.0,4645.0,2877.2,2765.0,0.00e+00
0.447	0.221	0.181	0.151
0.037	0.340	0.236	0.386
0.499	0.061	0.330	0.110
0.033	0.377	0.528	0.061
0.023	0.378	0.005	0.593
0.061	0.005	0.887	0.047
0.079	0.905	0.005	0.010
0.002	0.994	0.001	0.003
0.501	0.475	0.007	0.016
0.002	0.527	0.004	0.467
0.003	0.995	0.001	0.001
0.030	0.036	0.004	0.930
0.382	0.042	0.446	0.130
0.020	0.273	0.686	0.021
0.047	0.039	0.014	0.900
0.002	0.001	0.995	0.002
0.040	0.034	0.873	0.053
0.161	0.527	0.061	0.250
0.277	0.428	0.117	0.178
0.541	0.092	0.267	0.100