Distance from Center (cmd=annotatePeaks.pl combined.pos TCOv1.1 -m /home/rtraborn/Daphnia/Daphnia_CAGE_Data/promoter_analyses/Dp_core_motifs/overall_motifs_50_50/individual_motifs/motif_files/Dpm_core_list_find2.motif -size -100,100 -hist 1)	   Dpm1 total sites	   Dpm1 + sites	   Dpm1 - sites	Dpm2 total sites	Dpm2 + sites	Dpm2 - sites	Dpm3 total sites	Dpm3 + sites	Dpm3 - sites	Dpm4 total sites	Dpm4 + sites	Dpm4 - sites	Dpm5 total sites	Dpm5 + sites	Dpm5 - sites	Dpm6 total sites	Dpm6 + sites	Dpm6 - sites	Dpm7 total sites	Dpm7 + sites	Dpm7 - sites	A frequency	C frequency	G frequency	T frequency
-100	0	0.000850661625708885	0	0	0.00113421550094518	0	0	0.000661625708884688	0	0	0	0	0	0.00160680529300567	0	0	0.00056710775047259	0	0	0.000189035916824197	0	0.282185	0.205509	0.212704	0.299602
-99	0	0.00189035916824197	0	0	0.00122873345935728	0	0	0.000850661625708885	0	0	0.000189035916824197	0	0	0.000378071833648393	0	0	9.45179584120983e-05	0	0	0.000472589792060492	0	0.289568	0.202385	0.214123	0.293923
-98	0	0.000945179584120983	0	0	0.00141776937618147	0	0	0.000283553875236295	0	0	9.45179584120983e-05	0	0	0.000945179584120983	0	0	0.000378071833648393	0	0	0.000378071833648393	0	0.284484	0.211872	0.206097	0.297548
-97	0	0.000189035916824197	0	0	0.00113421550094518	0	0	0.000378071833648393	0	0.000189035916824197	0.000189035916824197	0	0	0.000756143667296786	0	0.000189035916824197	9.45179584120983e-05	0	0	0.000378071833648393	0	0.280981	0.21083	0.218309	0.28988
-96	0.00160680529300567	0.00056710775047259	0	0	0.00056710775047259	0	0.00056710775047259	0.000189035916824197	0	0.00056710775047259	9.45179584120983e-05	0	0.000945179584120983	0.000756143667296786	0	0.000756143667296786	0.000283553875236295	0	9.45179584120983e-05	0.000378071833648393	0	0.269715	0.212156	0.219635	0.298495
-95	0.00245746691871456	0.00056710775047259	0	0.00189035916824197	0.00122873345935728	0	0.000945179584120983	0.000661625708884688	0	0.000189035916824197	0	0	0.00236294896030246	0.000661625708884688	0	9.45179584120983e-05	0.000378071833648393	0	0.000378071833648393	0.000283553875236295	0	0.284957	0.209221	0.210546	0.295276
-94	0.00179584120982987	0.000756143667296786	0	0.00198487712665406	0.000472589792060492	0	0.00132325141776938	0.000378071833648393	0	0.000189035916824197	9.45179584120983e-05	0	0.00151228733459357	0.000850661625708885	0	0.00056710775047259	0	0	0.00056710775047259	0.000378071833648393	0	0.287986	0.215469	0.208179	0.288365
-93	0.000756143667296786	0.000378071833648393	0	0.00283553875236295	0.000850661625708885	0	0.000850661625708885	0.00056710775047259	0	0.000378071833648393	0.000189035916824197	0.000189035916824197	0.00207939508506616	0.00122873345935728	0	0.000378071833648393	0.000189035916824197	0.000189035916824197	0.000661625708884688	0.000189035916824197	0	0.2842	0.213576	0.205813	0.296412
-92	0.00132325141776938	0.000472589792060492	0.000756143667296786	0.00170132325141777	0.000756143667296786	0	0.000850661625708885	0.000850661625708885	0	0.000189035916824197	0.000189035916824197	0.00056710775047259	0.00226843100189036	0.00170132325141777	0	0.000378071833648393	0.000661625708884688	0.000189035916824197	0.000945179584120983	0.000189035916824197	0	0.285904	0.207233	0.214996	0.291868
-91	0.00160680529300567	0.000945179584120983	0.00056710775047259	0.00113421550094518	0.000850661625708885	0	0.000756143667296786	0.000661625708884688	0.00056710775047259	9.45179584120983e-05	0	0	0.00151228733459357	0.00113421550094518	0.000945179584120983	0.000661625708884688	0.000283553875236295	0	0.000472589792060492	0.000189035916824197	9.45179584120983e-05	0.287324	0.211493	0.208179	0.293004
-90	0.00122873345935728	0.000945179584120983	0.000850661625708885	0.00274102079395085	0.000756143667296786	0.000756143667296786	0.00151228733459357	0.000472589792060492	0.000283553875236295	9.45179584120983e-05	0	9.45179584120983e-05	0.00255198487712665	0.00103969754253308	0.000756143667296786	0.000189035916824197	0	0.000189035916824197	0.000472589792060492	0.000378071833648393	0.000189035916824197	0.286756	0.204014	0.218972	0.290258
-89	0.000756143667296786	0.000378071833648393	0.00056710775047259	0.00141776937618147	0.000756143667296786	0.000756143667296786	0.00113421550094518	0.000378071833648393	0.000472589792060492	0.000189035916824197	9.45179584120983e-05	0.000189035916824197	0.00151228733459357	0.00141776937618147	0.00113421550094518	0.000283553875236295	0	0.000283553875236295	0.000378071833648393	0.000189035916824197	9.45179584120983e-05	0.281359	0.214617	0.211966	0.292057
-88	0.000945179584120983	0.000661625708884688	0.000756143667296786	0.00198487712665406	0.00056710775047259	0.00141776937618147	0.00132325141776938	0.000850661625708885	0.00056710775047259	0.000378071833648393	0.000378071833648393	9.45179584120983e-05	0.00189035916824197	0.00113421550094518	0.00113421550094518	0.000945179584120983	0.00056710775047259	9.45179584120983e-05	0.000378071833648393	9.45179584120983e-05	0.000283553875236295	0.294992	0.206191	0.211398	0.287418
-87	0.00113421550094518	0.000472589792060492	0.00103969754253308	0.00160680529300567	0.00113421550094518	0.00056710775047259	0.00151228733459357	0.000850661625708885	0.000472589792060492	0.000189035916824197	0.000189035916824197	9.45179584120983e-05	0.00340264650283554	0.00103969754253308	0.00151228733459357	0.000283553875236295	0.000378071833648393	0.000283553875236295	0.000378071833648393	0.000472589792060492	0.00056710775047259	0.287702	0.208274	0.207043	0.29698
-86	0.00179584120982987	0.000756143667296786	0.000472589792060492	0.00151228733459357	0.00103969754253308	0.00056710775047259	0.00132325141776938	0.000378071833648393	0.00056710775047259	0	0.000283553875236295	0	0.00160680529300567	0.00103969754253308	0.000756143667296786	0.000283553875236295	0	0.000189035916824197	0.000189035916824197	0.000189035916824197	9.45179584120983e-05	0.277099	0.212061	0.211114	0.299725
-85	0.00151228733459357	0.00103969754253308	0.000378071833648393	0.00179584120982987	0.00056710775047259	0.00151228733459357	0.00103969754253308	0.00056710775047259	0.000850661625708885	9.45179584120983e-05	0.000189035916824197	0	0.00179584120982987	0.000756143667296786	0.00189035916824197	9.45179584120983e-05	0.000283553875236295	9.45179584120983e-05	0.000661625708884688	9.45179584120983e-05	0.000189035916824197	0.277194	0.208085	0.220297	0.294424
-84	0.00160680529300567	0.00056710775047259	0.000472589792060492	0.00160680529300567	0.000850661625708885	0.000945179584120983	0.000756143667296786	0.00056710775047259	0.000756143667296786	0.000378071833648393	9.45179584120983e-05	0.000189035916824197	0.00236294896030246	0.000850661625708885	0.000661625708884688	0.000756143667296786	0.000283553875236295	0.000283553875236295	0.00056710775047259	0.000661625708884688	0	0.282969	0.210641	0.208085	0.298305
-83	0.00103969754253308	0.000756143667296786	0.000189035916824197	0.00122873345935728	0.00103969754253308	0.00113421550094518	0.00141776937618147	0.00056710775047259	0.000756143667296786	0.000378071833648393	9.45179584120983e-05	0.000189035916824197	0.00207939508506616	0.00132325141776938	0.000661625708884688	0.000945179584120983	0.000378071833648393	0	0.000283553875236295	0.00056710775047259	0.000189035916824197	0.277383	0.215753	0.211304	0.29556
-82	0.00160680529300567	0.000378071833648393	0.000850661625708885	0.00236294896030246	0.000472589792060492	0.000850661625708885	0.00132325141776938	0.000472589792060492	0.000661625708884688	0.000378071833648393	9.45179584120983e-05	0	0.00245746691871456	0.00132325141776938	0.00170132325141777	0.000189035916824197	0	0.000283553875236295	0.00056710775047259	0.000472589792060492	0.000189035916824197	0.283064	0.208369	0.216889	0.291679
-81	0.00179584120982987	0.00056710775047259	0.00113421550094518	0.00179584120982987	0.000945179584120983	0.000661625708884688	0.000945179584120983	0.000661625708884688	0.000661625708884688	0.000378071833648393	9.45179584120983e-05	0	0.00217391304347826	0.00056710775047259	0.000472589792060492	0.000661625708884688	0.000283553875236295	9.45179584120983e-05	0.000378071833648393	0.000378071833648393	0	0.281427	0.213461	0.214407	0.290704
-80	0.000945179584120983	0.000850661625708885	0.000945179584120983	0.00198487712665406	0.000378071833648393	0.00103969754253308	0.000850661625708885	0.000283553875236295	0.00056710775047259	0.000378071833648393	0.000189035916824197	0	0.000850661625708885	0.000756143667296786	0.000756143667296786	0.000472589792060492	0.00056710775047259	0.000189035916824197	0.000378071833648393	0.000189035916824197	0.000283553875236295	0.272056	0.218289	0.219992	0.289663
-79	0.00141776937618147	0.000283553875236295	0.00056710775047259	0.00170132325141777	0.00103969754253308	0.000850661625708885	0.00141776937618147	0.000472589792060492	0.000378071833648393	0.000189035916824197	0.000189035916824197	0.000189035916824197	0.00189035916824197	0.00160680529300567	0.000945179584120983	0.000472589792060492	0.000378071833648393	0.00056710775047259	0.000945179584120983	0	0.000378071833648393	0.285566	0.207761	0.21363	0.293043
-78	0.000945179584120983	0.000472589792060492	0.000850661625708885	0.00189035916824197	0.000661625708884688	0.000661625708884688	0.000850661625708885	0.000472589792060492	0.00056710775047259	0.000283553875236295	9.45179584120983e-05	9.45179584120983e-05	0.00226843100189036	0.000756143667296786	0.000945179584120983	9.45179584120983e-05	0.000378071833648393	0.000189035916824197	0.00056710775047259	0.00056710775047259	0.000189035916824197	0.282537	0.214955	0.217795	0.284714
-77	0.00122873345935728	0.000283553875236295	0.000756143667296786	0.000945179584120983	0.000472589792060492	0.00122873345935728	0.000850661625708885	0.000472589792060492	0.000472589792060492	0.000283553875236295	0	0.000189035916824197	0.00311909262759924	0.00160680529300567	0.00141776937618147	0.000472589792060492	0.000378071833648393	0.000378071833648393	0.000756143667296786	0.000378071833648393	9.45179584120983e-05	0.280833	0.211737	0.21486	0.29257
-76	0.00236294896030246	0.00103969754253308	0.000378071833648393	0.00179584120982987	0.000661625708884688	0.000756143667296786	0.00160680529300567	0.000472589792060492	0.00056710775047259	0.000189035916824197	0	0.000283553875236295	0.00236294896030246	0.00103969754253308	0.00113421550094518	0.000850661625708885	0.000283553875236295	0.000189035916824197	0.000472589792060492	0.000378071833648393	0.000189035916824197	0.284903	0.210128	0.215902	0.289068
-75	0.00141776937618147	0.000472589792060492	0.000661625708884688	0.00122873345935728	0.000661625708884688	0.00141776937618147	0.000850661625708885	0.000850661625708885	0.000283553875236295	0.000283553875236295	0.000189035916824197	9.45179584120983e-05	0.00255198487712665	0.000945179584120983	9.45179584120983e-05	0.000378071833648393	9.45179584120983e-05	9.45179584120983e-05	0.000378071833648393	9.45179584120983e-05	0.000283553875236295	0.27629	0.213157	0.223284	0.287269
-74	0.00113421550094518	0.000378071833648393	0.00056710775047259	0.00189035916824197	0.000756143667296786	0.000850661625708885	0.000661625708884688	0.000661625708884688	0.000850661625708885	0.000189035916824197	0	0.000189035916824197	0.00321361058601134	0.000945179584120983	0.00103969754253308	0.00056710775047259	9.45179584120983e-05	9.45179584120983e-05	0.000189035916824197	9.45179584120983e-05	0.000283553875236295	0.274586	0.217889	0.215523	0.292002
-73	0.00179584120982987	0.00103969754253308	0.000661625708884688	0.00141776937618147	0.00113421550094518	0.000850661625708885	0.000850661625708885	0.000283553875236295	0.000283553875236295	9.45179584120983e-05	0	0.000189035916824197	0.00245746691871456	0.00151228733459357	0.000945179584120983	0.00056710775047259	0.000189035916824197	0.000189035916824197	0.000756143667296786	0.000661625708884688	0	0.278535	0.220519	0.21749	0.283456
-72	0.00189035916824197	0.00122873345935728	0.00151228733459357	0.00179584120982987	0.00056710775047259	0.000472589792060492	0.000850661625708885	0.000945179584120983	0.000378071833648393	0	9.45179584120983e-05	0	0.00236294896030246	0.000850661625708885	0.00179584120982987	0.000283553875236295	0.000283553875236295	0.000283553875236295	0.000661625708884688	0.000661625708884688	0.000283553875236295	0.277305	0.219194	0.214083	0.289419
-71	0.00122873345935728	0.000472589792060492	0.00113421550094518	0.00151228733459357	9.45179584120983e-05	0.000850661625708885	0.00122873345935728	0.00103969754253308	0.000945179584120983	0.000283553875236295	0.000189035916824197	9.45179584120983e-05	0.00226843100189036	0.00122873345935728	0.00179584120982987	0.000189035916824197	0.000378071833648393	0	0.000661625708884688	0.000378071833648393	9.45179584120983e-05	0.272856	0.225345	0.22137	0.280428
-70	0.00141776937618147	0.000472589792060492	0.000661625708884688	0.00113421550094518	0.000850661625708885	0.000850661625708885	0.00132325141776938	0.000850661625708885	0.00056710775047259	0	0	9.45179584120983e-05	0.00226843100189036	0.00122873345935728	0.00179584120982987	0.000189035916824197	0.000283553875236295	0.000189035916824197	0.00056710775047259	0.000283553875236295	0.000189035916824197	0.278346	0.215976	0.218626	0.287053
-69	0.00170132325141777	0.00056710775047259	0.00151228733459357	0.00113421550094518	0.000945179584120983	0.000850661625708885	0.00103969754253308	0.000661625708884688	0.000189035916824197	0.000189035916824197	0	9.45179584120983e-05	0.00236294896030246	0.00132325141776938	0.00160680529300567	0.000378071833648393	0.000189035916824197	0.000189035916824197	0.000283553875236295	0.00056710775047259	0.000189035916824197	0.280049	0.225629	0.213894	0.280428
-68	0.00189035916824197	0.00113421550094518	0.000850661625708885	0.00189035916824197	0.000945179584120983	0.000756143667296786	0.000850661625708885	0.000472589792060492	0.000378071833648393	0.000189035916824197	0	0	0.00264650283553875	0.00170132325141777	0.00170132325141777	0.00056710775047259	0.000472589792060492	0	0.000850661625708885	0.000189035916824197	0.000189035916824197	0.273519	0.226008	0.21342	0.287053
-67	0.00141776937618147	0.00056710775047259	0.000756143667296786	0.00113421550094518	0.000850661625708885	0.00132325141776938	0.00122873345935728	0.00103969754253308	0.000378071833648393	0.000283553875236295	0.000378071833648393	9.45179584120983e-05	0.00217391304347826	0.00113421550094518	0.000756143667296786	0.000472589792060492	0.000472589792060492	9.45179584120983e-05	0.00122873345935728	0.000472589792060492	0.000283553875236295	0.276169	0.22402	0.216354	0.283456
-66	0.00141776937618147	0.00122873345935728	0.00103969754253308	0.000756143667296786	0.000472589792060492	0.000850661625708885	0.00141776937618147	0.000472589792060492	0.000756143667296786	0	9.45179584120983e-05	0	0.00330812854442344	0.00179584120982987	0.00122873345935728	0.000661625708884688	9.45179584120983e-05	9.45179584120983e-05	0.000756143667296786	0.000378071833648393	0.000283553875236295	0.272951	0.225156	0.221844	0.280049
-65	0.00132325141776938	0.000756143667296786	0.000661625708884688	0.00198487712665406	0.00103969754253308	0.000472589792060492	0.00160680529300567	0.000756143667296786	0.000472589792060492	0.000189035916824197	0.000189035916824197	0.000189035916824197	0.00311909262759924	0.000945179584120983	0.00132325141776938	0.000378071833648393	0.000472589792060492	0.000189035916824197	0.000472589792060492	0.000378071833648393	0.000472589792060492	0.267746	0.232444	0.218531	0.28128
-64	0.00217391304347826	0.000661625708884688	0.000661625708884688	0.00179584120982987	0.000945179584120983	0.000378071833648393	0.00132325141776938	0.000756143667296786	0.000378071833648393	0	0	9.45179584120983e-05	0.00226843100189036	0.000945179584120983	0.00141776937618147	0.00056710775047259	0.000189035916824197	0.000283553875236295	0.00103969754253308	9.45179584120983e-05	0.000189035916824197	0.2716	0.216807	0.229015	0.282578
-63	0.00160680529300567	0.000756143667296786	0.000945179584120983	0.00207939508506616	0.000850661625708885	0.000756143667296786	0.00103969754253308	0.00056710775047259	0.00056710775047259	0.00056710775047259	0	9.45179584120983e-05	0.00283553875236295	0.000945179584120983	0.00113421550094518	0.000850661625708885	0.000283553875236295	9.45179584120983e-05	0.000756143667296786	0.000283553875236295	0.000189035916824197	0.275291	0.216523	0.217469	0.290716
-62	0.00255198487712665	0.00151228733459357	0.000945179584120983	0.00189035916824197	0.000283553875236295	0.00056710775047259	0.00122873345935728	0.000472589792060492	0.000283553875236295	0.000189035916824197	0	0	0.00255198487712665	0.00170132325141777	0.00132325141776938	0.000189035916824197	0.000283553875236295	0.000378071833648393	0.000756143667296786	0.00056710775047259	0.00056710775047259	0.270723	0.222653	0.219625	0.286998
-61	0.00141776937618147	0.000661625708884688	0.000756143667296786	0.00198487712665406	0.000945179584120983	0.000661625708884688	0.00113421550094518	0.000756143667296786	0.000378071833648393	0.000378071833648393	9.45179584120983e-05	0.000189035916824197	0.00311909262759924	0.00141776937618147	0.00207939508506616	0.000472589792060492	0.000472589792060492	0.000189035916824197	0.000756143667296786	0.000661625708884688	0.000378071833648393	0.271643	0.21951	0.219794	0.289053
-60	0.00160680529300567	0.00056710775047259	0.00103969754253308	0.00245746691871456	0.000661625708884688	0.00113421550094518	0.00103969754253308	0.000661625708884688	0.000756143667296786	0	0.000283553875236295	0	0.00274102079395085	0.00113421550094518	0.00189035916824197	0.000283553875236295	0.000756143667296786	9.45179584120983e-05	0.00103969754253308	0.000283553875236295	0.000189035916824197	0.266061	0.224903	0.218091	0.290945
-59	0.00226843100189036	0.000945179584120983	0.00103969754253308	0.00189035916824197	0.00056710775047259	0.000850661625708885	0.000945179584120983	0.000472589792060492	0.000661625708884688	0.000283553875236295	0.000283553875236295	0.000189035916824197	0.00283553875236295	0.00189035916824197	0.000945179584120983	0.00056710775047259	9.45179584120983e-05	0.000378071833648393	0.000472589792060492	0.000189035916824197	0.000472589792060492	0.271927	0.228309	0.220645	0.279118
-58	0.00236294896030246	0.000756143667296786	0.00132325141776938	0.00113421550094518	0.000283553875236295	0.00113421550094518	0.00103969754253308	0.000661625708884688	0.00056710775047259	0	9.45179584120983e-05	9.45179584120983e-05	0.00255198487712665	0.00122873345935728	0.00113421550094518	0.000472589792060492	0.000189035916824197	9.45179584120983e-05	0.000472589792060492	0.000850661625708885	0.00056710775047259	0.267953	0.2232	0.227552	0.281294
-57	0.00151228733459357	0.00056710775047259	0.000661625708884688	0.00103969754253308	0.000472589792060492	0.00103969754253308	0.00132325141776938	0.000661625708884688	0.000189035916824197	9.45179584120983e-05	0	0.000189035916824197	0.00368620037807183	0.000850661625708885	0.00141776937618147	0.00056710775047259	0.000283553875236295	0	0.00056710775047259	0.00056710775047259	0.000283553875236295	0.266534	0.229445	0.224525	0.279497
-56	0.00189035916824197	0.000945179584120983	0.000945179584120983	0.00160680529300567	0.00056710775047259	0.00151228733459357	0.00160680529300567	0.00056710775047259	0.000661625708884688	0.00056710775047259	9.45179584120983e-05	0	0.00293005671077505	0.00122873345935728	0.00132325141776938	0.000850661625708885	0.000189035916824197	9.45179584120983e-05	0.000756143667296786	0.00056710775047259	0.000378071833648393	0.268117	0.230842	0.223368	0.277673
-55	0.00170132325141777	0.000756143667296786	0.00151228733459357	0.00151228733459357	0.000756143667296786	0.00141776937618147	0.000756143667296786	0.00113421550094518	0.000283553875236295	0.000378071833648393	0.000189035916824197	0.000283553875236295	0.00207939508506616	0.000850661625708885	0.00179584120982987	0.000283553875236295	9.45179584120983e-05	0.000283553875236295	0.000850661625708885	0.000378071833648393	0.000661625708884688	0.261565	0.22136	0.232901	0.284174
-54	0.00151228733459357	0.000472589792060492	0.000850661625708885	0.00132325141776938	0.00103969754253308	0.000945179584120983	0.00113421550094518	0.000472589792060492	0.000189035916824197	0.000283553875236295	9.45179584120983e-05	0	0.00311909262759924	0.00179584120982987	0.00189035916824197	0.000283553875236295	9.45179584120983e-05	0.000189035916824197	0.000756143667296786	0	0.000378071833648393	0.2662	0.224198	0.22855	0.281052
-53	0.000945179584120983	0.000850661625708885	0.000850661625708885	0.000945179584120983	0.000378071833648393	0.000283553875236295	0.00141776937618147	0.00056710775047259	0.000472589792060492	9.45179584120983e-05	0.000189035916824197	0	0.00368620037807183	0.000945179584120983	0.00160680529300567	0.00056710775047259	9.45179584120983e-05	9.45179584120983e-05	0.00103969754253308	0.000378071833648393	0.000189035916824197	0.269485	0.225218	0.227299	0.277998
-52	0.00207939508506616	0.00151228733459357	0.00132325141776938	0.00132325141776938	0.000661625708884688	0.000756143667296786	0.00122873345935728	0.000661625708884688	0.000850661625708885	0.000283553875236295	9.45179584120983e-05	0.000283553875236295	0.00387523629489603	0.00103969754253308	0.00198487712665406	0.000283553875236295	0.000189035916824197	9.45179584120983e-05	0.000661625708884688	0.000283553875236295	0	0.268729	0.222285	0.228528	0.280458
-51	0.00132325141776938	0.000756143667296786	0.000756143667296786	0.000945179584120983	0.000661625708884688	0.000661625708884688	0.00132325141776938	0.00056710775047259	0.000850661625708885	0.000189035916824197	0.000283553875236295	9.45179584120983e-05	0.00330812854442344	0.00132325141776938	0.00151228733459357	9.45179584120983e-05	0.000378071833648393	0.000189035916824197	0.000850661625708885	0.000283553875236295	9.45179584120983e-05	0.267783	0.234677	0.225218	0.272323
-50	0.00170132325141777	0.00160680529300567	0.000756143667296786	0.00170132325141777	0.000756143667296786	0.000850661625708885	0.00179584120982987	0.000850661625708885	9.45179584120983e-05	0.000378071833648393	0	0.000189035916824197	0.00274102079395085	0.00160680529300567	0.000945179584120983	0.000189035916824197	0.000378071833648393	9.45179584120983e-05	0.000661625708884688	0.00056710775047259	0.00056710775047259	0.264945	0.233636	0.229474	0.271945
-49	0.00103969754253308	0.00103969754253308	0.000378071833648393	0.00141776937618147	0.00056710775047259	0.000756143667296786	0.000756143667296786	0.000661625708884688	0.000661625708884688	0.000283553875236295	0.000378071833648393	9.45179584120983e-05	0.00415879017013232	0.00113421550094518	0.00122873345935728	0.000378071833648393	0.000189035916824197	0.000283553875236295	0.000378071833648393	0.000283553875236295	0.00056710775047259	0.262297	0.230515	0.225407	0.281782
-48	0.00255198487712665	0.00132325141776938	0.00113421550094518	0.00132325141776938	0.000378071833648393	0.000661625708884688	0.00103969754253308	0.000472589792060492	0.000756143667296786	0.000189035916824197	0.000189035916824197	0.000189035916824197	0.00255198487712665	0.00103969754253308	0.00245746691871456	0.000189035916824197	0.000283553875236295	9.45179584120983e-05	0.000661625708884688	0.000756143667296786	0.000189035916824197	0.258891	0.237987	0.225974	0.277147
-47	0.00132325141776938	0.000756143667296786	0.00056710775047259	0.00113421550094518	0.000472589792060492	0.000850661625708885	0.00141776937618147	0.000661625708884688	0.00056710775047259	0.00056710775047259	0.000189035916824197	0	0.00189035916824197	0.00103969754253308	0.00302457466918715	0.000472589792060492	0.000472589792060492	0	0.000283553875236295	0.000189035916824197	9.45179584120983e-05	0.257424	0.230282	0.238226	0.274068
-46	0.00264650283553875	0.00113421550094518	0.00122873345935728	0.00122873345935728	0.000283553875236295	0.000378071833648393	0.000850661625708885	0.00103969754253308	0.000756143667296786	9.45179584120983e-05	0.000283553875236295	0.000283553875236295	0.00406427221172023	0.000756143667296786	0.00207939508506616	0.000661625708884688	0.000189035916824197	9.45179584120983e-05	0.000283553875236295	0.000283553875236295	0.000283553875236295	0.262342	0.230093	0.235389	0.272177
-45	0.00179584120982987	0.00113421550094518	0.000189035916824197	0.00170132325141777	0.000283553875236295	0.000945179584120983	0.00179584120982987	0.000850661625708885	0.000661625708884688	0.000661625708884688	0.000283553875236295	9.45179584120983e-05	0.00311909262759924	0.000850661625708885	0.00189035916824197	0.000189035916824197	0.00056710775047259	0.000283553875236295	0.000756143667296786	0.000378071833648393	0.000283553875236295	0.263382	0.240496	0.228674	0.267448
-44	0.00198487712665406	0.00141776937618147	0.00103969754253308	0.00113421550094518	0.00113421550094518	0.000378071833648393	0.00198487712665406	0.000756143667296786	0.000283553875236295	0.000283553875236295	0	9.45179584120983e-05	0.00359168241965974	0.00207939508506616	0.00236294896030246	0.000472589792060492	0.000283553875236295	0	0.00056710775047259	9.45179584120983e-05	0.000378071833648393	0.270096	0.232268	0.228107	0.269529
-43	0.00236294896030246	0.00103969754253308	0.00056710775047259	0.00122873345935728	0.000661625708884688	0.000945179584120983	0.00151228733459357	0.000472589792060492	0.000472589792060492	0.000189035916824197	9.45179584120983e-05	0.000283553875236295	0.00293005671077505	0.000945179584120983	0.00160680529300567	0.00056710775047259	9.45179584120983e-05	9.45179584120983e-05	0.00141776937618147	0.000283553875236295	0.000283553875236295	0.261774	0.233497	0.233119	0.27161
-42	0.00198487712665406	0.00132325141776938	0.00103969754253308	0.00132325141776938	0.00103969754253308	0.000472589792060492	0.00122873345935728	0.000661625708884688	0.000756143667296786	0.000283553875236295	0.000378071833648393	9.45179584120983e-05	0.00330812854442344	0.000850661625708885	0.000850661625708885	0.000283553875236295	9.45179584120983e-05	0.000283553875236295	0.000472589792060492	0	0	0.265248	0.226572	0.231395	0.276785
-41	0.00179584120982987	0.000945179584120983	0.000756143667296786	0.00103969754253308	0.00132325141776938	0.00056710775047259	0.00179584120982987	0.000378071833648393	0.000283553875236295	0.000472589792060492	9.45179584120983e-05	0.000283553875236295	0.00236294896030246	0.00151228733459357	0.00274102079395085	0.000661625708884688	0.000472589792060492	0	0.000756143667296786	0.000378071833648393	0	0.264775	0.229598	0.224775	0.280851
-40	0.00217391304347826	0.00113421550094518	0.000661625708884688	0.000850661625708885	0.000850661625708885	0.000945179584120983	0.00113421550094518	0.000756143667296786	0.000945179584120983	0.000189035916824197	0.000283553875236295	9.45179584120983e-05	0.00302457466918715	0.000472589792060492	0.00151228733459357	0.000661625708884688	0.000378071833648393	0.000189035916824197	0.000472589792060492	0.000661625708884688	0.000189035916824197	0.265059	0.232151	0.23253	0.27026
-39	0.00245746691871456	0.000472589792060492	0.00160680529300567	0.00160680529300567	0.00132325141776938	0.00056710775047259	0.00151228733459357	0.000756143667296786	0.00132325141776938	0.000283553875236295	9.45179584120983e-05	0	0.00425330812854442	0.00132325141776938	0.00245746691871456	0.000378071833648393	9.45179584120983e-05	9.45179584120983e-05	0.000472589792060492	0.000472589792060492	0.000283553875236295	0.26383	0.236785	0.231868	0.267518
-38	0.00255198487712665	0.000850661625708885	0.000850661625708885	0.00141776937618147	0.00179584120982987	0.000850661625708885	0.00170132325141777	0.000661625708884688	0.00103969754253308	0.000472589792060492	0.000189035916824197	0	0.00255198487712665	0.00151228733459357	0.00189035916824197	0.000283553875236295	0.000189035916824197	9.45179584120983e-05	0.000661625708884688	0.000378071833648393	0.000661625708884688	0.265532	0.231017	0.236123	0.267329
-37	0.00170132325141777	0.00170132325141777	0.000661625708884688	0.00160680529300567	0.00245746691871456	0.000850661625708885	0.00132325141776938	0.000472589792060492	0.00056710775047259	0.000189035916824197	0.000189035916824197	0.000189035916824197	0.00302457466918715	0.000661625708884688	0.00226843100189036	0.000661625708884688	9.45179584120983e-05	9.45179584120983e-05	0.000378071833648393	0.000378071833648393	0.000283553875236295	0.268533	0.222863	0.233453	0.275151
-36	0.00236294896030246	0.000945179584120983	0.000756143667296786	0.00217391304347826	0.00699432892249527	0.000756143667296786	0.000756143667296786	0.000756143667296786	0.000756143667296786	0.000378071833648393	0.000189035916824197	0.000189035916824197	0.00311909262759924	0.00103969754253308	0.00160680529300567	0.000850661625708885	0.000378071833648393	0.000378071833648393	0.00056710775047259	0.000283553875236295	0.000472589792060492	0.274489	0.224849	0.231184	0.269478
-35	0.00217391304347826	0.00132325141776938	0.00141776937618147	0.00189035916824197	0.0187145557655955	0.00056710775047259	0.00141776937618147	9.45179584120983e-05	0.000283553875236295	0.000283553875236295	9.45179584120983e-05	0.000189035916824197	0.00255198487712665	0.00122873345935728	0.00217391304347826	0.000283553875236295	0.000189035916824197	0.000283553875236295	0.000850661625708885	0.000378071833648393	9.45179584120983e-05	0.262481	0.228915	0.232886	0.275719
-34	0.00198487712665406	0.000756143667296786	0.00122873345935728	0.00189035916824197	0.0320415879017013	0.000472589792060492	0.00103969754253308	0.000378071833648393	0.000756143667296786	0.000661625708884688	0.000283553875236295	9.45179584120983e-05	0.00349716446124764	0.000945179584120983	0.00217391304347826	0.000189035916824197	0.00056710775047259	0.000189035916824197	0.000661625708884688	0.000189035916824197	0.000378071833648393	0.264372	0.223714	0.248203	0.26371
-33	0.00293005671077505	0.00103969754253308	0.000756143667296786	0.00274102079395085	0.0252362948960302	0.000756143667296786	0.00151228733459357	0.000472589792060492	0.00122873345935728	0.000378071833648393	9.45179584120983e-05	9.45179584120983e-05	0.00321361058601134	0.00122873345935728	0.00160680529300567	0.000189035916824197	0.000850661625708885	0.000189035916824197	0.00056710775047259	9.45179584120983e-05	0.000378071833648393	0.260944	0.219344	0.229649	0.290063
-32	0.00198487712665406	0.000945179584120983	0.00122873345935728	0.00387523629489603	0.0140831758034026	0.00056710775047259	0.000945179584120983	0.000850661625708885	0.000661625708884688	0.00056710775047259	0.000189035916824197	9.45179584120983e-05	0.00151228733459357	0.00103969754253308	0.00217391304347826	0.00056710775047259	0.000661625708884688	0.000472589792060492	0.000850661625708885	0.000189035916824197	0.000378071833648393	0.26482	0.20866	0.215751	0.310769
-31	0.00255198487712665	0.00122873345935728	0.00170132325141777	0.00850661625708885	0.00359168241965974	0.000850661625708885	0.00113421550094518	0.000661625708884688	0.000378071833648393	0.000378071833648393	0.000283553875236295	0.000189035916824197	0.00302457466918715	0.00198487712665406	0.00160680529300567	0.000283553875236295	0.000472589792060492	0.000189035916824197	0.000850661625708885	9.45179584120983e-05	0.000189035916824197	0.299329	0.194289	0.199773	0.306609
-30	0.00236294896030246	0.00198487712665406	0.00113421550094518	0.0219281663516068	0.00217391304347826	0.00103969754253308	0.000283553875236295	0.000850661625708885	0.000661625708884688	0.00056710775047259	0.000283553875236295	0.000472589792060492	0.00321361058601134	0.00132325141776938	0.00207939508506616	0.000850661625708885	0.000378071833648393	0	0.000850661625708885	0.000189035916824197	0.000189035916824197	0.310485	0.188806	0.18493	0.31578
-29	0.00198487712665406	0.00160680529300567	0.00122873345935728	0.034593572778828	0.00132325141776938	0.00056710775047259	0.000661625708884688	0.000283553875236295	0.000283553875236295	0.000283553875236295	9.45179584120983e-05	0.000189035916824197	0.00330812854442344	0.00122873345935728	0.00217391304347826	0.00113421550094518	9.45179584120983e-05	9.45179584120983e-05	0.000378071833648393	0.000283553875236295	0.000189035916824197	0.328259	0.194006	0.191453	0.286282
-28	0.00245746691871456	0.00245746691871456	0.00103969754253308	0.0279773156899811	0.00113421550094518	0.000945179584120983	0.00113421550094518	0.000756143667296786	0.000850661625708885	0.000472589792060492	0.000189035916824197	0.000378071833648393	0.00330812854442344	0.00113421550094518	0.00170132325141777	0.00113421550094518	0.000189035916824197	0.000189035916824197	9.45179584120983e-05	9.45179584120983e-05	0.000189035916824197	0.335067	0.183984	0.19202	0.288929
-27	0.00245746691871456	0.00283553875236295	0.00122873345935728	0.0155009451795841	0.000756143667296786	0.00141776937618147	0.00113421550094518	0.000661625708884688	0.000472589792060492	0.000945179584120983	0.000189035916824197	0.000283553875236295	0.00255198487712665	0.00141776937618147	0.000850661625708885	0.000661625708884688	0.000378071833648393	9.45179584120983e-05	0.000283553875236295	0.000378071833648393	0.000472589792060492	0.346601	0.191642	0.190035	0.271722
-26	0.00283553875236295	0.00226843100189036	0.00160680529300567	0.00463137996219282	0.00103969754253308	0.00151228733459357	0.00160680529300567	0.000850661625708885	0.000378071833648393	0.000661625708884688	0.000283553875236295	0.000283553875236295	0.00368620037807183	0.00160680529300567	0.00198487712665406	0.000945179584120983	0.000189035916824197	0.000283553875236295	0.000283553875236295	0.000189035916824197	0.00056710775047259	0.319845	0.2045	0.21906	0.256594
-25	0.00340264650283554	0.00189035916824197	0.000945179584120983	0.00302457466918715	0.000945179584120983	0.00321361058601134	0.00132325141776938	0.000283553875236295	0.000189035916824197	0.000756143667296786	0.000189035916824197	0.000189035916824197	0.00387523629489603	0.00132325141776938	0.00198487712665406	0.000283553875236295	0.000283553875236295	0.000283553875236295	0.000189035916824197	0.000189035916824197	0.000472589792060492	0.302638	0.212915	0.236362	0.248085
-24	0.00387523629489603	0.00170132325141777	0.00151228733459357	0.00198487712665406	0.000756143667296786	0.00255198487712665	0.00113421550094518	0.000850661625708885	0.000283553875236295	0.00113421550094518	0.00056710775047259	0.000283553875236295	0.00321361058601134	0.000945179584120983	0.00236294896030246	0.00056710775047259	0.000283553875236295	0.000472589792060492	0.000378071833648393	0.000378071833648393	0.000189035916824197	0.271627	0.233147	0.249409	0.245816
-23	0.00453686200378072	0.00151228733459357	0.00122873345935728	0.00198487712665406	0.000472589792060492	0.00274102079395085	0.00122873345935728	0.000472589792060492	0.000661625708884688	0.000661625708884688	0.000283553875236295	0.000661625708884688	0.00321361058601134	0.00113421550094518	0.00207939508506616	0.000378071833648393	0.000472589792060492	0.000189035916824197	0.000189035916824197	0	0	0.250449	0.244682	0.254231	0.250638
-22	0.00368620037807183	0.00151228733459357	0.000850661625708885	0.00151228733459357	0.000472589792060492	0.00141776937618147	0.00141776937618147	0.00132325141776938	0.000283553875236295	0.000661625708884688	0.000378071833648393	0.000378071833648393	0.00321361058601134	0.00103969754253308	0.00151228733459357	0.000283553875236295	0.000283553875236295	0.00056710775047259	0.00056710775047259	0.000472589792060492	9.45179584120983e-05	0.255082	0.238064	0.253002	0.253853
-21	0.00378071833648393	0.00217391304347826	0.00179584120982987	0.00141776937618147	0.000378071833648393	0.00103969754253308	0.00179584120982987	0.00056710775047259	0.000945179584120983	0.000945179584120983	0.000283553875236295	0.000661625708884688	0.00340264650283554	0.00189035916824197	0.00170132325141777	0.000378071833648393	0.000189035916824197	0.000189035916824197	0.000472589792060492	9.45179584120983e-05	0.000189035916824197	0.263685	0.237307	0.246384	0.252624
-20	0.00378071833648393	0.00255198487712665	0.00141776937618147	0.00122873345935728	0.000189035916824197	0.000850661625708885	0.00113421550094518	0.00113421550094518	0.000472589792060492	0.000945179584120983	0.000189035916824197	0.000945179584120983	0.00368620037807183	0.00217391304347826	0.00255198487712665	0.000378071833648393	0.000189035916824197	0.000378071833648393	0.000189035916824197	0	0	0.251962	0.233998	0.24818	0.26586
-19	0.00349716446124764	0.00113421550094518	0.00170132325141777	0.000945179584120983	0.00056710775047259	0.000661625708884688	0.00141776937618147	0.000756143667296786	0.000850661625708885	0.000850661625708885	0.000189035916824197	0.000472589792060492	0.00302457466918715	0.00113421550094518	0.00198487712665406	0.000661625708884688	9.45179584120983e-05	0	0.000472589792060492	9.45179584120983e-05	9.45179584120983e-05	0.254088	0.235183	0.239437	0.271292
-18	0.00311909262759924	0.00170132325141777	0.00141776937618147	0.000850661625708885	0.000189035916824197	0.000850661625708885	0.00122873345935728	0.000661625708884688	0.000472589792060492	0.000850661625708885	0.000378071833648393	0.000378071833648393	0.00349716446124764	0.000850661625708885	0.00207939508506616	0.000283553875236295	0.000189035916824197	9.45179584120983e-05	0	0.000283553875236295	9.45179584120983e-05	0.260611	0.241989	0.23282	0.264581
-17	0.00396975425330813	0.00207939508506616	0.00189035916824197	0.00113421550094518	0.000661625708884688	0.000756143667296786	0.00226843100189036	0.00113421550094518	0.000756143667296786	0.000756143667296786	0.000661625708884688	0.000756143667296786	0.00349716446124764	0.00122873345935728	0.00179584120982987	0.000283553875236295	0.000283553875236295	9.45179584120983e-05	0.000661625708884688	0	0.000189035916824197	0.262218	0.244257	0.224974	0.268551
-16	0.00396975425330813	0.00170132325141777	0.00207939508506616	0.000850661625708885	0.00056710775047259	0.000378071833648393	0.00103969754253308	0.000661625708884688	0.000945179584120983	0.000850661625708885	0.000283553875236295	0.000378071833648393	0.00444234404536862	0.000661625708884688	0.00179584120982987	0.000378071833648393	0.000189035916824197	9.45179584120983e-05	0.000378071833648393	0.000189035916824197	0.000283553875236295	0.267889	0.237357	0.225069	0.269685
-15	0.00368620037807183	0.00113421550094518	0.00198487712665406	0.000378071833648393	0.000283553875236295	0.000283553875236295	0.00170132325141777	0.00103969754253308	0.000850661625708885	0.00056710775047259	0.000378071833648393	0.00056710775047259	0.00387523629489603	0.00056710775047259	0.00236294896030246	0.000283553875236295	0.000189035916824197	0.000189035916824197	9.45179584120983e-05	0	0	0.261083	0.238208	0.229984	0.270725
-14	0.00349716446124764	0.00160680529300567	0.00160680529300567	0.00103969754253308	0.000378071833648393	0.000189035916824197	0.00141776937618147	0.00122873345935728	0.00056710775047259	0.00151228733459357	0.000283553875236295	0.000472589792060492	0.00330812854442344	0.00132325141776938	0.00207939508506616	0.000378071833648393	0.000661625708884688	0	9.45179584120983e-05	9.45179584120983e-05	9.45179584120983e-05	0.263068	0.242178	0.231024	0.26373
-13	0.00359168241965974	0.00170132325141777	0.00179584120982987	0.000472589792060492	0.000472589792060492	0.000378071833648393	0.00151228733459357	0.00132325141776938	0.000756143667296786	0.000850661625708885	0.000283553875236295	0.000472589792060492	0.00217391304347826	0.000850661625708885	0.00236294896030246	0.00056710775047259	0.000378071833648393	9.45179584120983e-05	0.000283553875236295	0.000283553875236295	0	0.245392	0.250496	0.23679	0.267322
-12	0.00311909262759924	0.00160680529300567	0.00141776937618147	0.00132325141776938	0.000189035916824197	0.000661625708884688	0.00170132325141777	0.000945179584120983	0.000945179584120983	0.000661625708884688	0.000472589792060492	0.000661625708884688	0.00311909262759924	0.00113421550094518	0.00245746691871456	0.000378071833648393	0.000472589792060492	0.000189035916824197	0.000189035916824197	0.000189035916824197	0.000189035916824197	0.246148	0.255223	0.22677	0.271859
-11	0.00274102079395085	0.00170132325141777	0.00255198487712665	0.000850661625708885	0.000189035916824197	0.000472589792060492	0.00151228733459357	0.00122873345935728	0.000472589792060492	0.000661625708884688	0.000756143667296786	0.000378071833648393	0.00198487712665406	0.00122873345935728	0.00255198487712665	0.000378071833648393	0.000283553875236295	0.000189035916824197	0.000283553875236295	0.000378071833648393	0.000283553875236295	0.255695	0.245014	0.228282	0.271009
-10	0.00359168241965974	0.00160680529300567	0.00179584120982987	0.00056710775047259	0.000472589792060492	0.000189035916824197	0.00189035916824197	0.00189035916824197	0.00056710775047259	0.00056710775047259	0.000756143667296786	0.00113421550094518	0.00189035916824197	0.00113421550094518	0.00170132325141777	0.000756143667296786	0.000283553875236295	0.000189035916824197	0	0.000189035916824197	9.45179584120983e-05	0.259287	0.231874	0.234616	0.274223
-9	0.00311909262759924	0.00132325141776938	0.00151228733459357	0.000850661625708885	0.000189035916824197	0.000472589792060492	0.00207939508506616	0.00264650283553875	0.000661625708884688	0.000756143667296786	0.000472589792060492	0.000189035916824197	0.00236294896030246	0.000756143667296786	0.00217391304347826	0.000472589792060492	0.000283553875236295	0.000283553875236295	0.000283553875236295	0	0	0.263327	0.227788	0.227599	0.281285
-8	0.00434782608695652	0.00170132325141777	0.00141776937618147	0.000661625708884688	9.45179584120983e-05	0.000283553875236295	0.00198487712665406	0.00179584120982987	0.000850661625708885	0.000756143667296786	0.00056710775047259	0.000378071833648393	0.00236294896030246	0.000756143667296786	0.00132325141776938	0.000661625708884688	0.000189035916824197	0.000189035916824197	0.000283553875236295	9.45179584120983e-05	0	0.263233	0.229584	0.218998	0.288185
-7	0.00425330812854442	0.00122873345935728	0.00160680529300567	0.000756143667296786	9.45179584120983e-05	0.000661625708884688	0.00113421550094518	0.00255198487712665	0.00056710775047259	0.000850661625708885	0.00056710775047259	0.000283553875236295	0.00198487712665406	0.00056710775047259	0.00189035916824197	0.000283553875236295	9.45179584120983e-05	0.000189035916824197	0.000283553875236295	9.45179584120983e-05	0.000189035916824197	0.263611	0.224764	0.224669	0.286957
-6	0.00349716446124764	0.00151228733459357	0.00198487712665406	0.000661625708884688	0.000189035916824197	0.000283553875236295	0.00141776937618147	0.00311909262759924	0.000850661625708885	0.00103969754253308	0.000378071833648393	0.000283553875236295	0.00236294896030246	0.00056710775047259	0.00132325141776938	0.000661625708884688	0.00056710775047259	9.45179584120983e-05	0.000378071833648393	9.45179584120983e-05	9.45179584120983e-05	0.260586	0.240076	0.223535	0.275803
-5	0.00321361058601134	0.00132325141776938	0.00141776937618147	0.000661625708884688	0.000472589792060492	0.000283553875236295	0.00226843100189036	0.00274102079395085	0.000850661625708885	0.000756143667296786	0.000378071833648393	0.000472589792060492	0.00179584120982987	0.000661625708884688	0.00132325141776938	0.000378071833648393	9.45179584120983e-05	9.45179584120983e-05	0.000283553875236295	0	0	0.265217	0.225992	0.232703	0.276087
-4	0.00311909262759924	0.00472589792060491	0.00274102079395085	0.00056710775047259	9.45179584120983e-05	0.000472589792060492	0.00321361058601134	0.00708884688090737	0.000850661625708885	0.00056710775047259	9.45179584120983e-05	0.000283553875236295	0.00179584120982987	0.000945179584120983	0.00103969754253308	0.000189035916824197	9.45179584120983e-05	0.000189035916824197	0	0	0.000189035916824197	0.264178	0.236673	0.234594	0.264556
-3	0.00217391304347826	0.00330812854442344	0.00255198487712665	0.000283553875236295	9.45179584120983e-05	0.000189035916824197	0.00207939508506616	0.00756143667296786	0.000661625708884688	0.000756143667296786	0.000945179584120983	9.45179584120983e-05	0.00113421550094518	0.000756143667296786	0.00151228733459357	0.000189035916824197	0.000189035916824197	0	9.45179584120983e-05	0.000189035916824197	0	0.244447	0.216088	0.258531	0.280934
-2	0.00302457466918715	0.00217391304347826	0.00189035916824197	0.000472589792060492	9.45179584120983e-05	0.00056710775047259	0.00302457466918715	0.0517013232514178	0.000189035916824197	0.000472589792060492	0.000378071833648393	0.000283553875236295	0.00113421550094518	0.000661625708884688	0.000850661625708885	0.000756143667296786	0.000189035916824197	0.000378071833648393	9.45179584120983e-05	9.45179584120983e-05	9.45179584120983e-05	0.199338	0.226843	0.248488	0.325331
-1	0.00274102079395085	0.00217391304347826	0.00189035916824197	0.000945179584120983	0.000472589792060492	0.000472589792060492	0.00368620037807183	0.0111531190926276	0.000189035916824197	0.000756143667296786	0.000661625708884688	0.000283553875236295	0.00122873345935728	0.000945179584120983	0.00113421550094518	0.000283553875236295	0.000189035916824197	9.45179584120983e-05	9.45179584120983e-05	0	0	0.183743	0.300567	0.264367	0.251323
0	0.00661625708884688	0.00113421550094518	0.00141776937618147	0.00056710775047259	0.000661625708884688	0.000189035916824197	0.00293005671077505	0.0140831758034026	0.000378071833648393	0.000378071833648393	0.00113421550094518	0	0.00103969754253308	0.00103969754253308	0.000661625708884688	0.000189035916824197	0.000283553875236295	0	0	0	9.45179584120983e-05	0.37552	0.200756	0.195747	0.227977
1	0.0054820415879017	0.00141776937618147	0.000945179584120983	0.000378071833648393	0.000283553875236295	0.000378071833648393	0.00756143667296786	0.0116257088846881	0.00056710775047259	0.000945179584120983	0.000945179584120983	0.000189035916824197	0.00132325141776938	0.00113421550094518	0.00103969754253308	0.000283553875236295	0.00056710775047259	9.45179584120983e-05	0	0	0	0.216824	0.216352	0.298204	0.26862
2	0.00482041587901701	0.00160680529300567	0.00151228733459357	0.000472589792060492	0.000472589792060492	0.000189035916824197	0.00793950850661626	0.00680529300567108	0.000283553875236295	0.00056710775047259	0.000850661625708885	9.45179584120983e-05	0.00207939508506616	0.00056710775047259	0.000378071833648393	0.000283553875236295	0.000378071833648393	0.000189035916824197	0.000189035916824197	0	0	0.26087	0.152079	0.201607	0.385444
3	0.00472589792060491	0.000661625708884688	0.00141776937618147	0.000378071833648393	0.000283553875236295	0.000378071833648393	0.0520793950850662	0.00500945179584121	0.000472589792060492	0.000661625708884688	0.00056710775047259	0.000378071833648393	0.00160680529300567	0.000661625708884688	0.00056710775047259	0.000472589792060492	0.000378071833648393	0.000189035916824197	9.45179584120983e-05	0	0	0.237713	0.224953	0.211815	0.32552
4	0.0056710775047259	0.00056710775047259	0.00189035916824197	0.000756143667296786	0.000189035916824197	0.000756143667296786	0.011531190926276	0.00293005671077505	0.00056710775047259	0.00132325141776938	0.000378071833648393	0.000283553875236295	0.00170132325141777	0.000945179584120983	0.000661625708884688	0.000378071833648393	0.000189035916824197	9.45179584120983e-05	0	0	0	0.223724	0.209924	0.254253	0.312098
5	0.00415879017013232	0.000850661625708885	0.00217391304347826	0.000945179584120983	0.000283553875236295	9.45179584120983e-05	0.014461247637051	0.00255198487712665	0.000189035916824197	0.00103969754253308	0.000378071833648393	0	0.00170132325141777	0.00056710775047259	0.000378071833648393	0.000661625708884688	0.000472589792060492	9.45179584120983e-05	0	9.45179584120983e-05	0	0.232798	0.226087	0.233743	0.307372
6	0.00368620037807183	0.00170132325141777	0.00264650283553875	0.00056710775047259	0.000283553875236295	0.000283553875236295	0.0120037807183365	0.00245746691871456	0.000472589792060492	0.000945179584120983	0.000472589792060492	0.000189035916824197	0.00132325141776938	0.000472589792060492	0.000378071833648393	0.000756143667296786	0.000189035916824197	9.45179584120983e-05	0	9.45179584120983e-05	0	0.223629	0.248866	0.213138	0.314367
7	0.00387523629489603	0.00151228733459357	0.00255198487712665	0.00056710775047259	0.000189035916824197	0.000378071833648393	0.00718336483931947	0.000850661625708885	0.000378071833648393	0.000661625708884688	9.45179584120983e-05	0	0.00122873345935728	0.00103969754253308	0.00132325141776938	0.000661625708884688	0.000189035916824197	0.000283553875236295	0	0	0	0.230813	0.246881	0.208885	0.313422
8	0.00170132325141777	0.00103969754253308	0.00453686200378072	0.000756143667296786	0.000378071833648393	0.000283553875236295	0.0054820415879017	0.00170132325141777	0.000378071833648393	0.000378071833648393	0.000189035916824197	0.000189035916824197	0.00141776937618147	0.00122873345935728	0.000945179584120983	0.000472589792060492	0.000189035916824197	9.45179584120983e-05	0	0	0	0.232798	0.240643	0.223819	0.302741
9	0.00245746691871456	0.000756143667296786	0.00274102079395085	0.000472589792060492	9.45179584120983e-05	0.000283553875236295	0.00311909262759924	0.00160680529300567	0.000378071833648393	0.000378071833648393	0.000472589792060492	9.45179584120983e-05	0.00132325141776938	0.000378071833648393	0.000756143667296786	0.000850661625708885	0.000378071833648393	9.45179584120983e-05	0	0	0	0.225047	0.262476	0.208318	0.304159
10	0.00302457466918715	0.00160680529300567	0.00207939508506616	0.000661625708884688	0	0.000283553875236295	0.00349716446124764	0.00132325141776938	0.000378071833648393	0.000472589792060492	0	9.45179584120983e-05	0.00103969754253308	0.00151228733459357	0.000661625708884688	0.000283553875236295	9.45179584120983e-05	0.000378071833648393	0.000283553875236295	9.45179584120983e-05	0	0.22656	0.268715	0.21569	0.289036
11	0.00340264650283554	0.00113421550094518	0.00321361058601134	0.000756143667296786	9.45179584120983e-05	0.000283553875236295	0.00321361058601134	0.00170132325141777	0.000378071833648393	0.000189035916824197	9.45179584120983e-05	9.45179584120983e-05	0.00122873345935728	0.00103969754253308	0.000189035916824197	0.00056710775047259	0.000189035916824197	0.000283553875236295	0.000189035916824197	0	0	0.269093	0.240265	0.230151	0.260491
12	0.00283553875236295	0.000472589792060492	0.00113421550094518	0.00056710775047259	9.45179584120983e-05	9.45179584120983e-05	0.00122873345935728	0.00198487712665406	0.000378071833648393	0.000189035916824197	9.45179584120983e-05	0	0.00217391304347826	0.000378071833648393	0.000661625708884688	0.000472589792060492	9.45179584120983e-05	0.000283553875236295	0	0.000189035916824197	0	0.26758	0.238752	0.232609	0.261059
13	0.00179584120982987	0.00113421550094518	0.00160680529300567	0.00056710775047259	0.00056710775047259	0.000472589792060492	0.00226843100189036	0.00113421550094518	0.000472589792060492	0.000472589792060492	9.45179584120983e-05	0	0.00179584120982987	0.00141776937618147	0.000756143667296786	0.00056710775047259	0.000378071833648393	0.000378071833648393	0	0.000189035916824197	0	0.257089	0.270038	0.22051	0.252363
14	0.00340264650283554	0.000945179584120983	0.00132325141776938	0.000189035916824197	0.000189035916824197	0.000283553875236295	0.00255198487712665	0.000850661625708885	0.000189035916824197	0	0.000189035916824197	0	0.00141776937618147	0.000850661625708885	0.000378071833648393	9.45179584120983e-05	0	9.45179584120983e-05	0	9.45179584120983e-05	0	0.254253	0.268336	0.217769	0.259641
15	0.00245746691871456	0.000756143667296786	0.00189035916824197	9.45179584120983e-05	9.45179584120983e-05	0.000378071833648393	0.00160680529300567	0.00141776937618147	0.000945179584120983	9.45179584120983e-05	0.000283553875236295	9.45179584120983e-05	0.00245746691871456	0.000756143667296786	0.000472589792060492	0.000378071833648393	0.000189035916824197	0.000378071833648393	0.000189035916824197	9.45179584120983e-05	0.000189035916824197	0.223913	0.259168	0.23724	0.279679
16	0.00170132325141777	0.000945179584120983	0.00179584120982987	0.000378071833648393	9.45179584120983e-05	0.000472589792060492	0.00207939508506616	0.000850661625708885	0.000756143667296786	0.000189035916824197	0.000189035916824197	0	0.00198487712665406	0.00151228733459357	0.000756143667296786	0.000283553875236295	0	0.000283553875236295	0	0	9.45179584120983e-05	0.205766	0.283554	0.214083	0.296597
17	0.00283553875236295	0.000756143667296786	0.00103969754253308	0.000661625708884688	0	0.000378071833648393	0.00245746691871456	0.000945179584120983	0.000378071833648393	9.45179584120983e-05	9.45179584120983e-05	0	0.00113421550094518	0.000472589792060492	0.00113421550094518	0.000378071833648393	9.45179584120983e-05	0.000189035916824197	0.000283553875236295	0	0	0.214556	0.286106	0.229395	0.269943
18	0.00321361058601134	0.000945179584120983	0.00179584120982987	0.000756143667296786	0.000661625708884688	0.000189035916824197	0.00132325141776938	0.000661625708884688	0.00056710775047259	0.000189035916824197	0	0	0.00207939508506616	0.00141776937618147	0.00056710775047259	9.45179584120983e-05	0	0	0.000189035916824197	9.45179584120983e-05	0	0.242155	0.25293	0.251607	0.253308
19	0.00302457466918715	0.00141776937618147	0.00132325141776938	0.000472589792060492	0.000189035916824197	9.45179584120983e-05	0.00245746691871456	0.00141776937618147	0.000945179584120983	0.000283553875236295	0	0	0.00179584120982987	0.00122873345935728	0.00103969754253308	0.000378071833648393	0.000189035916824197	0.000189035916824197	9.45179584120983e-05	0	0	0.253025	0.251607	0.222779	0.27259
20	0.00179584120982987	0.00151228733459357	0.00122873345935728	0.000283553875236295	0.00056710775047259	9.45179584120983e-05	0.00198487712665406	0.00056710775047259	0.000283553875236295	0.000283553875236295	9.45179584120983e-05	9.45179584120983e-05	0.00151228733459357	0.000850661625708885	0.000945179584120983	0.000472589792060492	0.000378071833648393	0.000189035916824197	0.000189035916824197	9.45179584120983e-05	9.45179584120983e-05	0.253403	0.270321	0.237524	0.238752
21	0.00207939508506616	0.00141776937618147	0.00170132325141777	0.00056710775047259	0.000378071833648393	0.000283553875236295	0.00151228733459357	0.00132325141776938	0.000378071833648393	9.45179584120983e-05	9.45179584120983e-05	0	0.00217391304347826	0.00103969754253308	0.000945179584120983	0.000189035916824197	0.000189035916824197	0	9.45179584120983e-05	9.45179584120983e-05	0	0.26276	0.257467	0.234783	0.244991
22	0.00236294896030246	0.00132325141776938	0.00226843100189036	9.45179584120983e-05	0	0.00056710775047259	0.00132325141776938	0.000756143667296786	0.000472589792060492	0.000189035916824197	9.45179584120983e-05	0	0.00170132325141777	0.00103969754253308	0.000756143667296786	0	9.45179584120983e-05	9.45179584120983e-05	0	0	9.45179584120983e-05	0.266257	0.255671	0.242344	0.235728
23	0.00283553875236295	0.00368620037807183	0.00226843100189036	0.000945179584120983	9.45179584120983e-05	0.000189035916824197	0.00113421550094518	0.00141776937618147	0.000189035916824197	0.000189035916824197	9.45179584120983e-05	0	0.00274102079395085	0.00132325141776938	0.000661625708884688	0.000378071833648393	0.000189035916824197	0.000189035916824197	9.45179584120983e-05	0	0	0.277505	0.225425	0.269565	0.227505
24	0.00226843100189036	0.00189035916824197	0.000850661625708885	0.000661625708884688	0	0.000283553875236295	0.00236294896030246	0.00132325141776938	0.00160680529300567	9.45179584120983e-05	0	9.45179584120983e-05	0.00207939508506616	0.00103969754253308	0.000945179584120983	0.000661625708884688	0.000378071833648393	0.000472589792060492	9.45179584120983e-05	0	0	0.287335	0.219565	0.245936	0.247164
25	0.00198487712665406	0.00122873345935728	0.00132325141776938	0.00056710775047259	0.000472589792060492	0.000189035916824197	0.00122873345935728	0.00255198487712665	0.00056710775047259	0.000189035916824197	0	0	0.00198487712665406	0.00141776937618147	0.000756143667296786	0.000378071833648393	0	9.45179584120983e-05	0.000189035916824197	0	9.45179584120983e-05	0.280246	0.240643	0.24225	0.236862
26	0.00226843100189036	0.000756143667296786	0.00141776937618147	0.000661625708884688	0	0.000472589792060492	0.00170132325141777	0.000661625708884688	0.000661625708884688	0.000283553875236295	0	0.000189035916824197	0.00151228733459357	0.00113421550094518	0.000661625708884688	0.000472589792060492	0.000189035916824197	0	0.000189035916824197	0	9.45179584120983e-05	0.293951	0.244423	0.22656	0.235066
27	0.00491493383742911	0.000472589792060492	0.00141776937618147	0.000378071833648393	0.000472589792060492	9.45179584120983e-05	0.00132325141776938	0.00113421550094518	0.000378071833648393	9.45179584120983e-05	0.000189035916824197	0.000189035916824197	0.00217391304347826	0.00103969754253308	0.00122873345935728	0.00056710775047259	0.000189035916824197	0.000189035916824197	0	0	0	0.30794	0.207183	0.2569	0.227977
28	0.00274102079395085	0.000472589792060492	0.000756143667296786	0.000472589792060492	0.000378071833648393	0.000283553875236295	0.00217391304347826	0.000850661625708885	0.000472589792060492	0.000189035916824197	9.45179584120983e-05	0	0.00189035916824197	0.000661625708884688	0.00132325141776938	0.00056710775047259	0	0.000283553875236295	0	0	0	0.256144	0.237807	0.288185	0.217864
29	0.00226843100189036	0.000850661625708885	0.00056710775047259	0.000189035916824197	0.000283553875236295	0.000472589792060492	0.00198487712665406	0.000756143667296786	0.000945179584120983	9.45179584120983e-05	0	9.45179584120983e-05	0.00151228733459357	0.00113421550094518	0.000850661625708885	0.000189035916824197	0.000283553875236295	0.000189035916824197	0	9.45179584120983e-05	9.45179584120983e-05	0.30586	0.207278	0.225992	0.26087
30	0.00151228733459357	0.000945179584120983	0.000945179584120983	0.000661625708884688	0.000283553875236295	0	0.00293005671077505	0.00141776937618147	0.000661625708884688	0	9.45179584120983e-05	0.000189035916824197	0.00255198487712665	0.000378071833648393	0.00113421550094518	0.000283553875236295	9.45179584120983e-05	0.000378071833648393	9.45179584120983e-05	9.45179584120983e-05	9.45179584120983e-05	0.267013	0.253592	0.21465	0.264745
31	0.00141776937618147	0.000661625708884688	0.00122873345935728	0.000283553875236295	0.000472589792060492	0.000283553875236295	0.00151228733459357	0.000850661625708885	0.000378071833648393	0.000283553875236295	9.45179584120983e-05	0	0.00226843100189036	0.000756143667296786	0.000472589792060492	0.000283553875236295	9.45179584120983e-05	0.000378071833648393	0	0	9.45179584120983e-05	0.242439	0.252079	0.24603	0.259452
32	0.00122873345935728	0.00122873345935728	0.000850661625708885	0.00056710775047259	0.000661625708884688	0.000378071833648393	0.00141776937618147	0.00170132325141777	0.00056710775047259	9.45179584120983e-05	0	0.000189035916824197	0.00170132325141777	0.00056710775047259	0.00113421550094518	9.45179584120983e-05	0.000189035916824197	0.000189035916824197	0	0	0	0.245652	0.246786	0.222779	0.284783
33	0.00179584120982987	0.000756143667296786	0.00103969754253308	0.000756143667296786	0.000189035916824197	0.000378071833648393	0.00160680529300567	0.00122873345935728	0.000756143667296786	0	0.000189035916824197	9.45179584120983e-05	0.00160680529300567	0.000661625708884688	0.00056710775047259	0.000661625708884688	0.000189035916824197	0.000189035916824197	0.000189035916824197	0	0	0.254915	0.245841	0.21966	0.279584
34	0.00264650283553875	0.000378071833648393	0.000756143667296786	0.00056710775047259	0.000189035916824197	0.000189035916824197	0.00103969754253308	0.00122873345935728	0.000661625708884688	9.45179584120983e-05	0	0	0.00189035916824197	0.00122873345935728	0.000472589792060492	0.000472589792060492	0.000472589792060492	9.45179584120983e-05	9.45179584120983e-05	0	0	0.256522	0.246125	0.201512	0.295841
35	0.00170132325141777	0.000756143667296786	0.000945179584120983	0.000850661625708885	9.45179584120983e-05	0.000189035916824197	0.00179584120982987	0.00122873345935728	0.000378071833648393	9.45179584120983e-05	9.45179584120983e-05	9.45179584120983e-05	0.00141776937618147	0.000756143667296786	0.00113421550094518	9.45179584120983e-05	0.000189035916824197	9.45179584120983e-05	9.45179584120983e-05	0	9.45179584120983e-05	0.255009	0.242533	0.208696	0.293762
36	0.00245746691871456	0.000661625708884688	0.000756143667296786	0.00103969754253308	0.000189035916824197	0.000283553875236295	0.00132325141776938	0.000945179584120983	0.000850661625708885	0	0	0	0.00160680529300567	0.000850661625708885	0.00113421550094518	0.000283553875236295	0.000189035916824197	9.45179584120983e-05	0	9.45179584120983e-05	0	0.259357	0.241966	0.186389	0.312287
37	0.00217391304347826	0.000756143667296786	0.000945179584120983	0.00151228733459357	0.000378071833648393	9.45179584120983e-05	0.00236294896030246	0.00103969754253308	0.000283553875236295	0.000189035916824197	0	0	0.00113421550094518	0.00103969754253308	0.000661625708884688	0.000378071833648393	9.45179584120983e-05	0.000378071833648393	9.45179584120983e-05	9.45179584120983e-05	0	0.255388	0.232703	0.201607	0.310302
38	0.00113421550094518	0.000472589792060492	0.00170132325141777	0.00103969754253308	0.000378071833648393	0.000378071833648393	0.00160680529300567	0.00122873345935728	0.000756143667296786	0.000189035916824197	0	0	0.000756143667296786	0.000850661625708885	0.000945179584120983	0.000661625708884688	9.45179584120983e-05	0.000378071833648393	0	0	0.000189035916824197	0.266541	0.235728	0.18828	0.309452
39	0.00160680529300567	0.00056710775047259	0.00103969754253308	0.000472589792060492	0.000189035916824197	0.000283553875236295	0.00198487712665406	0.00113421550094518	0.000283553875236295	9.45179584120983e-05	0	0	0.00160680529300567	0.000756143667296786	0.000756143667296786	0.000378071833648393	0.000189035916824197	0	0	0	0	0.270794	0.233837	0.193006	0.302363
40	0.00141776937618147	0.000756143667296786	0.00122873345935728	0.000756143667296786	0.000472589792060492	0.00056710775047259	0.00179584120982987	0.00141776937618147	0.000378071833648393	0	0.000189035916824197	0	0.00113421550094518	0.000378071833648393	0.00103969754253308	0.000189035916824197	9.45179584120983e-05	9.45179584120983e-05	0	0	0	0.269307	0.233765	0.193686	0.303242
41	0.00141776937618147	0.000378071833648393	0.00141776937618147	0.000472589792060492	0.000283553875236295	0.00056710775047259	0.00170132325141777	0.00056710775047259	0.000472589792060492	0	0	0	0.00122873345935728	0.000850661625708885	0.000850661625708885	0.000189035916824197	0.000472589792060492	0.000189035916824197	9.45179584120983e-05	0	0	0.259004	0.239437	0.199357	0.302202
42	0.00141776937618147	0.000756143667296786	0.000756143667296786	0.00056710775047259	0.000283553875236295	0.000850661625708885	0.00113421550094518	0.00113421550094518	0.000661625708884688	0	0	0.000189035916824197	0.00170132325141777	0.000756143667296786	0.00056710775047259	9.45179584120983e-05	0.000283553875236295	0.000189035916824197	0.000189035916824197	0	9.45179584120983e-05	0.258342	0.238491	0.200964	0.302202
43	0.00132325141776938	0.000189035916824197	0.000850661625708885	0.000850661625708885	0.000283553875236295	0.000850661625708885	0.00151228733459357	0.00103969754253308	0.000378071833648393	9.45179584120983e-05	0.000283553875236295	0	0.00151228733459357	0.000945179584120983	9.45179584120983e-05	0.000283553875236295	0.000283553875236295	0.000189035916824197	0	0	0	0.246337	0.251725	0.211079	0.290859
44	0.00179584120982987	0.000661625708884688	0.000756143667296786	0.000472589792060492	0.000283553875236295	0.000283553875236295	0.00141776937618147	0.000756143667296786	0.000756143667296786	0.000189035916824197	0.000189035916824197	0	0.00113421550094518	0.000661625708884688	0.000378071833648393	0.000472589792060492	0.00056710775047259	0	0	0	0	0.242178	0.249929	0.207297	0.300596
45	0.00179584120982987	0.000283553875236295	0.000661625708884688	0.00113421550094518	0.000283553875236295	0.000661625708884688	0.00189035916824197	0.00113421550094518	0.00056710775047259	0	0	0	0.00103969754253308	0.000850661625708885	0.000378071833648393	0.000472589792060492	0.000189035916824197	9.45179584120983e-05	9.45179584120983e-05	0	0	0.238869	0.248228	0.201248	0.311655
46	0.00170132325141777	0.000189035916824197	0.000945179584120983	0.00056710775047259	0.000189035916824197	0.000283553875236295	0.00113421550094518	0.00141776937618147	0.000756143667296786	9.45179584120983e-05	9.45179584120983e-05	0	0.00141776937618147	0.000850661625708885	0.000378071833648393	0.000378071833648393	0	0	0	0	0	0.231591	0.252576	0.199924	0.315909
47	0.00122873345935728	0.000472589792060492	0.000756143667296786	0.00103969754253308	0.00103969754253308	0.000189035916824197	0.00132325141776938	0.00113421550094518	9.45179584120983e-05	0.000283553875236295	0	9.45179584120983e-05	0.00103969754253308	0.000850661625708885	0.000661625708884688	0.000378071833648393	0.000378071833648393	9.45179584120983e-05	9.45179584120983e-05	0	9.45179584120983e-05	0.236695	0.2608	0.202098	0.300406
48	0.00198487712665406	0.000472589792060492	0.00103969754253308	0.00056710775047259	0.00056710775047259	0.000472589792060492	0.00160680529300567	0.00132325141776938	0.000283553875236295	0.000283553875236295	9.45179584120983e-05	0	0.00151228733459357	0.000378071833648393	0.000661625708884688	0.000661625708884688	0.000283553875236295	0.000378071833648393	9.45179584120983e-05	0	0	0.242934	0.260327	0.192079	0.30466
49	0.00160680529300567	0.00113421550094518	0.00141776937618147	0.00113421550094518	0.00056710775047259	0.000283553875236295	0.000945179584120983	0.000850661625708885	0.000283553875236295	0	0	0	0.00170132325141777	0.000189035916824197	0.000378071833648393	0.000378071833648393	0	0	0	0	0	0.256168	0.254183	0.192929	0.29672
50	0.00122873345935728	0.000661625708884688	0.000945179584120983	0.00103969754253308	0.000756143667296786	0.000661625708884688	0.00132325141776938	0.00141776937618147	0.000472589792060492	0.000189035916824197	9.45179584120983e-05	9.45179584120983e-05	0.00141776937618147	0.000189035916824197	0.000661625708884688	0.000283553875236295	9.45179584120983e-05	9.45179584120983e-05	9.45179584120983e-05	0	9.45179584120983e-05	0.265148	0.236223	0.198506	0.300123
51	0.00141776937618147	0.000472589792060492	0.00103969754253308	0.00113421550094518	0.000850661625708885	0.000283553875236295	0.00179584120982987	0.00056710775047259	0.00056710775047259	0	9.45179584120983e-05	0	0.00198487712665406	0.00056710775047259	0.00056710775047259	0.000472589792060492	0.000472589792060492	9.45179584120983e-05	0	0	0	0.266944	0.242083	0.188581	0.302392
52	0.00151228733459357	0.00056710775047259	0.00132325141776938	0.00245746691871456	0.000378071833648393	0.000756143667296786	0.00170132325141777	0.000850661625708885	0.000189035916824197	9.45179584120983e-05	0	9.45179584120983e-05	0.00141776937618147	0.000850661625708885	0.000283553875236295	0.000283553875236295	0.000189035916824197	9.45179584120983e-05	9.45179584120983e-05	9.45179584120983e-05	9.45179584120983e-05	0.266024	0.229155	0.192569	0.312252
53	0.00189035916824197	0.00056710775047259	0.00132325141776938	0.00132325141776938	0.000756143667296786	0.000283553875236295	0.00141776937618147	0.00113421550094518	0.00056710775047259	0	9.45179584120983e-05	0	0.00103969754253308	0.000378071833648393	0.00056710775047259	9.45179584120983e-05	0.000189035916824197	0.000189035916824197	9.45179584120983e-05	0	9.45179584120983e-05	0.279542	0.220836	0.188977	0.310645
54	0.00160680529300567	0.000661625708884688	0.00103969754253308	0.00141776937618147	0.000756143667296786	0.000850661625708885	0.00132325141776938	0.000850661625708885	0.000189035916824197	9.45179584120983e-05	0	9.45179584120983e-05	0.000756143667296786	0.000756143667296786	0.00103969754253308	0.000189035916824197	0.000283553875236295	0.000283553875236295	9.45179584120983e-05	0	0	0.275856	0.232085	0.179524	0.312535
55	0.00141776937618147	0.00056710775047259	0.000945179584120983	0.00189035916824197	0.000945179584120983	0.000756143667296786	0.00207939508506616	0.000850661625708885	0.000189035916824197	9.45179584120983e-05	0.000189035916824197	0	0.000661625708884688	0.000850661625708885	0.00056710775047259	0.00056710775047259	9.45179584120983e-05	9.45179584120983e-05	9.45179584120983e-05	0	9.45179584120983e-05	0.275477	0.226224	0.184534	0.313764
56	0.00132325141776938	0.000283553875236295	0.00103969754253308	0.00207939508506616	0.000472589792060492	0.000945179584120983	0.00122873345935728	0.000661625708884688	0.000378071833648393	0	0	0	0.00103969754253308	0.00056710775047259	0.00113421550094518	0.000661625708884688	9.45179584120983e-05	0	9.45179584120983e-05	0	0	0.282946	0.214124	0.184534	0.318397
57	0.00170132325141777	0.000189035916824197	0.000756143667296786	0.00141776937618147	0.000756143667296786	0.00141776937618147	0.000945179584120983	0.000945179584120983	0.00056710775047259	9.45179584120983e-05	0	0	0.00103969754253308	0.000283553875236295	0.00056710775047259	0.000378071833648393	0.000283553875236295	9.45179584120983e-05	0.000189035916824197	9.45179584120983e-05	9.45179584120983e-05	0.284931	0.215164	0.175269	0.324636
58	0.00198487712665406	0.000378071833648393	0.000945179584120983	0.00160680529300567	0.00103969754253308	0.000756143667296786	0.00151228733459357	0.00103969754253308	9.45179584120983e-05	0	0	0	0.000945179584120983	0.000472589792060492	0.000661625708884688	0.000283553875236295	0.000189035916824197	9.45179584120983e-05	0	0	9.45179584120983e-05	0.278313	0.215636	0.189072	0.316979
59	0.00122873345935728	0.00056710775047259	0.000945179584120983	0.00151228733459357	0.000756143667296786	0.000850661625708885	0.00141776937618147	0.000283553875236295	0.000472589792060492	0.000189035916824197	0	0	0.00132325141776938	0.000756143667296786	0.00056710775047259	0.000283553875236295	0	9.45179584120983e-05	0	0	9.45179584120983e-05	0.284553	0.213178	0.189922	0.312346
60	0.000945179584120983	0.000661625708884688	0.000756143667296786	0.00160680529300567	0.000472589792060492	0.00113421550094518	0.00141776937618147	0.000756143667296786	0.000661625708884688	0	0	0	0.00122873345935728	0.00103969754253308	0.000472589792060492	0.000189035916824197	0.000283553875236295	0.000472589792060492	0.000189035916824197	0	9.45179584120983e-05	0.287011	0.21592	0.176687	0.320382
61	0.000756143667296786	0.00056710775047259	0.00113421550094518	0.00113421550094518	0.000661625708884688	0.00122873345935728	0.00122873345935728	0.000850661625708885	0.000661625708884688	0	0	0	0.00122873345935728	0.000661625708884688	0.000472589792060492	0.000378071833648393	0.000189035916824197	0.000189035916824197	0	0	9.45179584120983e-05	0.28304	0.210531	0.17924	0.327189
62	0.00141776937618147	0.00056710775047259	0.00132325141776938	0.00151228733459357	0.00103969754253308	0.00103969754253308	0.00170132325141777	0.000661625708884688	9.45179584120983e-05	0	9.45179584120983e-05	0	0.00103969754253308	0.00056710775047259	0.000189035916824197	0.000661625708884688	9.45179584120983e-05	0	0.000189035916824197	0	9.45179584120983e-05	0.286254	0.205615	0.177066	0.331064
63	0.00113421550094518	9.45179584120983e-05	0.000661625708884688	0.00236294896030246	0.000756143667296786	0.000850661625708885	0.00141776937618147	0.00103969754253308	0.000378071833648393	9.45179584120983e-05	9.45179584120983e-05	0	0.000945179584120983	0.000472589792060492	0.00056710775047259	0	9.45179584120983e-05	0.000189035916824197	0	0	0	0.293278	0.204122	0.177177	0.325423
64	0.00151228733459357	0.000378071833648393	0.000661625708884688	0.00170132325141777	0.00103969754253308	0.000756143667296786	0.000756143667296786	0.000283553875236295	0.00056710775047259	0	0	0	0.00141776937618147	0.000850661625708885	0.00056710775047259	0.000283553875236295	0.000283553875236295	9.45179584120983e-05	9.45179584120983e-05	0	0	0.281082	0.210646	0.180202	0.32807
65	0.00141776937618147	0.000472589792060492	0.00056710775047259	0.00151228733459357	0.000283553875236295	0.000661625708884688	0.00141776937618147	0.00103969754253308	0.00056710775047259	0	9.45179584120983e-05	0	0.00151228733459357	0.000945179584120983	0.000378071833648393	0.000472589792060492	0.000189035916824197	9.45179584120983e-05	0	9.45179584120983e-05	0.000189035916824197	0.289212	0.204028	0.178595	0.328165
66	0.00122873345935728	0.000378071833648393	0.00103969754253308	0.00122873345935728	0.000945179584120983	0.000661625708884688	0.00160680529300567	0.00132325141776938	0.00056710775047259	9.45179584120983e-05	0	0	0.00151228733459357	0.000756143667296786	0.000661625708884688	0.000283553875236295	9.45179584120983e-05	0.000472589792060492	0	0	0	0.286754	0.208471	0.182471	0.322303
67	0.000661625708884688	0.000472589792060492	0.00056710775047259	0.00170132325141777	0.000850661625708885	0.000756143667296786	0.00103969754253308	0.000661625708884688	0.000756143667296786	9.45179584120983e-05	0.000189035916824197	9.45179584120983e-05	0.00113421550094518	0.00056710775047259	0.000756143667296786	0.000283553875236295	0.000472589792060492	0	0	0	9.45179584120983e-05	0.280541	0.206222	0.183151	0.330087
68	0.000945179584120983	0.000756143667296786	0.000850661625708885	0.00189035916824197	0.00132325141776938	0.00132325141776938	0.00122873345935728	0.00056710775047259	0.000378071833648393	0	0	0	0.00113421550094518	0.000756143667296786	0.000472589792060492	0.000378071833648393	9.45179584120983e-05	0	0	0	0	0.28924	0.204709	0.186271	0.319781
69	0.00141776937618147	0.00056710775047259	0.000850661625708885	0.00141776937618147	0.000189035916824197	0.000945179584120983	0.000661625708884688	0.000756143667296786	0.000472589792060492	9.45179584120983e-05	9.45179584120983e-05	0	0.00103969754253308	0.000378071833648393	0.000661625708884688	0.000378071833648393	0	0.000283553875236295	0	0	9.45179584120983e-05	0.285741	0.21284	0.182016	0.319402
70	0.000945179584120983	0.000756143667296786	0.000661625708884688	0.000945179584120983	0.000850661625708885	0.00103969754253308	0.00141776937618147	0.00151228733459357	0.000661625708884688	0	9.45179584120983e-05	0	0.00132325141776938	0.000661625708884688	0.000472589792060492	0.000189035916824197	0.000283553875236295	0.000189035916824197	9.45179584120983e-05	0	0	0.281486	0.210004	0.17691	0.3316
71	0.000756143667296786	0.000661625708884688	0.00056710775047259	0.00179584120982987	0.000661625708884688	0.00056710775047259	0.00236294896030246	0.00103969754253308	0.000756143667296786	0.000189035916824197	0	0	0.00141776937618147	0.00056710775047259	0.000850661625708885	0.000756143667296786	0	0.000189035916824197	0	0	0	0.290942	0.206222	0.178045	0.324792
72	0.00151228733459357	0.000756143667296786	0.00056710775047259	0.00122873345935728	0.000661625708884688	0.000661625708884688	0.00122873345935728	0.000945179584120983	0.000378071833648393	9.45179584120983e-05	9.45179584120983e-05	0	0.00113421550094518	9.45179584120983e-05	0.00056710775047259	0.000472589792060492	0.000283553875236295	9.45179584120983e-05	9.45179584120983e-05	0	0	0.289523	0.206884	0.184569	0.319024
73	0.000850661625708885	0.000189035916824197	0.000945179584120983	0.00264650283553875	0.000661625708884688	0.00113421550094518	0.00122873345935728	0.000283553875236295	0.000189035916824197	0.000189035916824197	0	0	0.00103969754253308	0.000378071833648393	0.000661625708884688	0	0	0.000189035916824197	9.45179584120983e-05	0	0	0.281392	0.216339	0.179463	0.322806
74	0.00160680529300567	0.000472589792060492	0.00056710775047259	0.00141776937618147	0.000945179584120983	0.000378071833648393	0.00132325141776938	0.000945179584120983	0.000378071833648393	0.000189035916824197	9.45179584120983e-05	0	0.000661625708884688	0.000661625708884688	0.000189035916824197	0.000378071833648393	0.000378071833648393	9.45179584120983e-05	0	0	0	0.285836	0.204047	0.183907	0.32621
75	0.00160680529300567	0.00056710775047259	0.000283553875236295	0.00151228733459357	0.000661625708884688	0.000661625708884688	0.00226843100189036	0.00113421550094518	0.000378071833648393	0	0	0	0.00151228733459357	0.000661625708884688	0.000378071833648393	0	9.45179584120983e-05	0.000283553875236295	0	9.45179584120983e-05	0	0.287065	0.207734	0.183529	0.321672
76	0.00113421550094518	0.000378071833648393	0.000756143667296786	0.00179584120982987	0.000378071833648393	0.000850661625708885	0.00151228733459357	0.00103969754253308	0.00103969754253308	9.45179584120983e-05	0	9.45179584120983e-05	0.00132325141776938	0.000850661625708885	0.000661625708884688	0.000378071833648393	0.000189035916824197	0.000378071833648393	9.45179584120983e-05	0	0	0.280163	0.215772	0.178801	0.325265
77	0.00132325141776938	0.000756143667296786	0.000283553875236295	0.00113421550094518	0.000661625708884688	0.000378071833648393	0.00141776937618147	0.000756143667296786	0.00056710775047259	0	9.45179584120983e-05	9.45179584120983e-05	0.000661625708884688	0.000283553875236295	0.00056710775047259	9.45179584120983e-05	0.000378071833648393	0	0	0	9.45179584120983e-05	0.288672	0.212273	0.179652	0.319402
78	0.00103969754253308	0.000472589792060492	0.000850661625708885	0.00132325141776938	0.000472589792060492	0.00132325141776938	0.00141776937618147	0.00103969754253308	0.000661625708884688	9.45179584120983e-05	0	9.45179584120983e-05	0.000945179584120983	0.00103969754253308	0.000283553875236295	0.00056710775047259	9.45179584120983e-05	9.45179584120983e-05	0	0	9.45179584120983e-05	0.284228	0.204992	0.187216	0.323563
79	0.00113421550094518	0.00056710775047259	0.000945179584120983	0.00170132325141777	0.00056710775047259	0.00122873345935728	0.00151228733459357	0.00113421550094518	0.00056710775047259	0	0.000283553875236295	0	0.000945179584120983	0.000756143667296786	0.000283553875236295	0.000189035916824197	0.000189035916824197	0	0	0	0	0.277799	0.215961	0.180598	0.325643
80	0.00113421550094518	0.000378071833648393	0.000378071833648393	0.00160680529300567	0.000661625708884688	0.000661625708884688	0.00160680529300567	0.000945179584120983	0.000756143667296786	0	0	0	0.000850661625708885	0.000661625708884688	0.000850661625708885	0.000378071833648393	0.000189035916824197	9.45179584120983e-05	0.000189035916824197	0	0	0.285836	0.207262	0.184569	0.322334
81	0.00141776937618147	0.000661625708884688	0.00113421550094518	0.00189035916824197	0.000661625708884688	0.00113421550094518	0.00141776937618147	0.000661625708884688	0.000472589792060492	9.45179584120983e-05	0.000189035916824197	0	0.00160680529300567	0.000472589792060492	0.000756143667296786	0.000472589792060492	9.45179584120983e-05	9.45179584120983e-05	9.45179584120983e-05	0	9.45179584120983e-05	0.296265	0.204066	0.18383	0.315839
82	0.00151228733459357	0.000283553875236295	0.00056710775047259	0.00179584120982987	0.000472589792060492	0.000472589792060492	0.00122873345935728	0.000945179584120983	0.000472589792060492	0	0	0	0.00103969754253308	0.000850661625708885	0.00056710775047259	0.000189035916824197	0.000378071833648393	0.000189035916824197	0	0	0	0.286457	0.207585	0.17997	0.325988
83	0.00122873345935728	0.000472589792060492	0.00056710775047259	0.00160680529300567	0.000661625708884688	0.000661625708884688	0.00198487712665406	0.000472589792060492	0.00113421550094518	0.000378071833648393	0	0	0.00160680529300567	0.000378071833648393	0.00056710775047259	0.000189035916824197	0.000472589792060492	9.45179584120983e-05	9.45179584120983e-05	9.45179584120983e-05	0	0.286741	0.196993	0.181956	0.334311
84	0.00122873345935728	0.000378071833648393	0.000756143667296786	0.00122873345935728	0.000850661625708885	0.000756143667296786	0.00160680529300567	0.00113421550094518	0.00056710775047259	0	0	0	0.00141776937618147	0.00056710775047259	0.000283553875236295	0.000378071833648393	0.000283553875236295	0.000189035916824197	0	0	0	0.290673	0.208854	0.17745	0.323023
85	0.00179584120982987	0.00056710775047259	0.000661625708884688	0.00141776937618147	0.000661625708884688	0.000945179584120983	0.00151228733459357	0.000661625708884688	0.000472589792060492	0.000189035916824197	0	0	0.000945179584120983	0.00056710775047259	0.000189035916824197	0.000189035916824197	0.000378071833648393	9.45179584120983e-05	0	0	9.45179584120983e-05	0.279769	0.211955	0.180838	0.327438
86	0.000945179584120983	0.000472589792060492	0.00103969754253308	0.00151228733459357	0.000661625708884688	0.00151228733459357	0.00103969754253308	0.000661625708884688	0.000378071833648393	9.45179584120983e-05	9.45179584120983e-05	0	0.00113421550094518	0.000945179584120983	0.000756143667296786	0.000472589792060492	0.000472589792060492	9.45179584120983e-05	0	0	9.45179584120983e-05	0.283742	0.204483	0.185662	0.326114
87	0.00151228733459357	0.000756143667296786	0.000661625708884688	0.00151228733459357	0.000661625708884688	0.00113421550094518	0.00132325141776938	0.000945179584120983	0.000472589792060492	0	0	9.45179584120983e-05	0.00103969754253308	0.000283553875236295	0.000756143667296786	0.00056710775047259	0	0	9.45179584120983e-05	9.45179584120983e-05	0	0.283742	0.209685	0.179798	0.326776
88	0.000850661625708885	0.000661625708884688	0.000850661625708885	0.00151228733459357	0.000756143667296786	0.00113421550094518	0.000945179584120983	0.000850661625708885	0.000945179584120983	0.000189035916824197	0	0	0.00103969754253308	0.000661625708884688	0.00056710775047259	0.000472589792060492	0.000189035916824197	0.000189035916824197	0.000283553875236295	0	9.45179584120983e-05	0.284525	0.209043	0.179531	0.326901
89	0.00151228733459357	0.000283553875236295	0.00113421550094518	0.00170132325141777	0.000472589792060492	0.000661625708884688	0.00141776937618147	0.00103969754253308	0.000472589792060492	0	0	0	0.00103969754253308	0.000378071833648393	0.000661625708884688	0.000378071833648393	0.000283553875236295	9.45179584120983e-05	9.45179584120983e-05	9.45179584120983e-05	0	0.288498	0.202138	0.186436	0.322928
90	0.00113421550094518	0.00056710775047259	0.000661625708884688	0.00132325141776938	0.000661625708884688	0.000756143667296786	0.000945179584120983	0.00132325141776938	0.00056710775047259	0.000283553875236295	0	9.45179584120983e-05	0.000945179584120983	0.000756143667296786	0.000283553875236295	0.00056710775047259	0.000189035916824197	9.45179584120983e-05	0	0	0	0.277526	0.209705	0.185963	0.326807
91	0.00151228733459357	0.000283553875236295	0.00103969754253308	0.00179584120982987	0	0.000850661625708885	0.00103969754253308	0.00160680529300567	0.000378071833648393	0	0	0	0.00151228733459357	0.000945179584120983	0.000661625708884688	9.45179584120983e-05	9.45179584120983e-05	9.45179584120983e-05	0	0	0	0.279107	0.211293	0.191431	0.318169
92	0.00113421550094518	0.000283553875236295	0.000472589792060492	0.00245746691871456	0	0.00103969754253308	0.00170132325141777	0	0.000378071833648393	0	0	0.000189035916824197	0.00103969754253308	0	0.000189035916824197	0.000472589792060492	0.000283553875236295	0.000189035916824197	9.45179584120983e-05	0	9.45179584120983e-05	0.28289	0.205145	0.189539	0.322425
93	0.00132325141776938	0	0.000945179584120983	0.00160680529300567	0	0.000850661625708885	0.00122873345935728	0	0.000472589792060492	0	9.45179584120983e-05	0	0.00122873345935728	0	0.000661625708884688	0.000378071833648393	0.000283553875236295	0	0.000189035916824197	0	0.000189035916824197	0.297389	0.202043	0.174045	0.326523
94	0.000756143667296786	0	0.000661625708884688	0.00160680529300567	0	0.000850661625708885	0.00132325141776938	0	0.000283553875236295	0	0	0.000189035916824197	0.00113421550094518	0	0.000472589792060492	0.000378071833648393	0	9.45179584120983e-05	0.000189035916824197	0	9.45179584120983e-05	0.28235	0.200057	0.189084	0.328509
95	0.00113421550094518	0	0.000756143667296786	0.00141776937618147	0	0.000661625708884688	0.00170132325141777	0	0.000283553875236295	0	0	0	0.00141776937618147	0	0.000378071833648393	9.45179584120983e-05	0	9.45179584120983e-05	0.000189035916824197	0	0	0.29143	0.200435	0.180666	0.327469
96	0.000945179584120983	0	0.000472589792060492	0	0	0.00113421550094518	0.00160680529300567	0	0.000378071833648393	0	0	0	0.000945179584120983	0	0.00056710775047259	0.000283553875236295	0	0.000283553875236295	0	0	0	0.285498	0.206792	0.180115	0.327594
97	0	0	0.00103969754253308	0	0	0.00179584120982987	0	0	0.000756143667296786	9.45179584120983e-05	0	0	0	0	0.000756143667296786	0.000283553875236295	0	9.45179584120983e-05	0	0	0	0.283133	0.205279	0.183899	0.327689
98	0	0	0.000189035916824197	0	0	0.000850661625708885	0	0	0.000378071833648393	0	0	0	0	0	0.00056710775047259	0	0	0.000189035916824197	0	0	0.000189035916824197	0.283349	0.201892	0.19035	0.324409
99	0	0	0.000850661625708885	0	0	0.00113421550094518	0	0	0.000283553875236295	0	0	0	0	0	0.000756143667296786	0	0	0	0	0	9.45179584120983e-05	0.290539	0.1965	0.181268	0.331693
100	0	0	0.000661625708884688	0	0	0.000756143667296786	0	0	0.000378071833648393	0	0	0	0	0	0.000661625708884688	0	0	0	0	0	0.000189035916824197	0	0	0	0
