Distance from Center (cmd=annotatePeaks.pl /home/rtraborn/Daphnia/Daphnia_CAGE_Data/R_analysis/promoter_calling_pipelines/TCO/tagClusters/pooled_samples/homer_pos_files/combined.pos TCOv1.1 -m /home/rtraborn/Daphnia/Daphnia_CAGE_Data/promoter_analyses/Dp_core_motifs/overall_motifs_50_50/individual_motifs/motif_files/Dpm_core_list_find2.motif -hist 1 -size -50,50 -strand +)	   Dpm1 total sites	   Dpm1 + sites	   Dpm1 - sites	Dpm2 total sites	Dpm2 + sites	Dpm2 - sites	Dpm3 total sites	Dpm3 + sites	Dpm3 - sites	Dpm4 total sites	Dpm4 + sites	Dpm4 - sites	Dpm5 total sites	Dpm5 + sites	Dpm5 - sites	Dpm6 total sites	Dpm6 + sites	Dpm6 - sites	Dpm7 total sites	Dpm7 + sites	Dpm7 - sites	A frequency	C frequency	G frequency	T frequency
-50	0	0.00160680529300567	0	0	0.000756143667296786	0	0	0.000850661625708885	0	0	0	0	0	0.00160680529300567	0	0	0.000378071833648393	0	0	0.00056710775047259	0	0.264945	0.233541	0.229474	0.272039
-49	0	0.00103969754253308	0	0	0.00056710775047259	0	0	0.000661625708884688	0	0	0.000378071833648393	0	0	0.00113421550094518	0	0	0.000189035916824197	0	0	0.000283553875236295	0	0.262202	0.230515	0.225407	0.281877
-48	0	0.00132325141776938	0	0	0.000378071833648393	0	0	0.000472589792060492	0	0	0.000189035916824197	0	0	0.00103969754253308	0	0	0.000283553875236295	0	0	0.000756143667296786	0	0.258891	0.237987	0.225974	0.277147
-47	0	0.000756143667296786	0	0	0.000472589792060492	0	0	0.000661625708884688	0	0.000283553875236295	0.000189035916824197	0	0	0.00103969754253308	0	9.45179584120983e-05	0.000472589792060492	0	0	0.000189035916824197	0	0.257518	0.230282	0.238226	0.273974
-46	0.00264650283553875	0.00113421550094518	0	0	0.000283553875236295	0	0.000283553875236295	0.00103969754253308	0	9.45179584120983e-05	0.000283553875236295	0	0.00274102079395085	0.000756143667296786	0	0.000661625708884688	0.000189035916824197	0	0	0.000283553875236295	0	0.262342	0.230093	0.235389	0.272177
-45	0.00179584120982987	0.00113421550094518	0	0.00170132325141777	0.000283553875236295	0	0.00179584120982987	0.000850661625708885	0	0.000661625708884688	0.000283553875236295	0	0.00311909262759924	0.000850661625708885	0	0.000189035916824197	0.00056710775047259	0	0.000756143667296786	0.000378071833648393	0	0.263382	0.240496	0.228674	0.267448
-44	0.00198487712665406	0.00141776937618147	0	0.00113421550094518	0.00113421550094518	0	0.00198487712665406	0.000756143667296786	0	0.000283553875236295	0	0	0.00359168241965974	0.00207939508506616	0	0.000472589792060492	0.000283553875236295	0	0.00056710775047259	9.45179584120983e-05	0	0.270096	0.232268	0.228012	0.269624
-43	0.00236294896030246	0.00103969754253308	0	0.00122873345935728	0.000661625708884688	0	0.00151228733459357	0.000472589792060492	0	0.000189035916824197	9.45179584120983e-05	0.000283553875236295	0.00293005671077505	0.000945179584120983	0	0.00056710775047259	9.45179584120983e-05	9.45179584120983e-05	0.00141776937618147	0.000283553875236295	0	0.26168	0.233497	0.233119	0.271704
-42	0.00198487712665406	0.00132325141776938	0.00103969754253308	0.00132325141776938	0.00103969754253308	0	0.00122873345935728	0.000661625708884688	0	0.000283553875236295	0.000378071833648393	9.45179584120983e-05	0.00330812854442344	0.000850661625708885	0	0.000283553875236295	9.45179584120983e-05	0.000283553875236295	0.000472589792060492	0	0	0.265154	0.226667	0.231395	0.276785
-41	0.00179584120982987	0.000945179584120983	0.000756143667296786	0.00103969754253308	0.00132325141776938	0	0.00179584120982987	0.000378071833648393	0.000283553875236295	0.000472589792060492	9.45179584120983e-05	0.000283553875236295	0.00236294896030246	0.00151228733459357	0.00274102079395085	0.000661625708884688	0.000472589792060492	0	0.000756143667296786	0.000378071833648393	0	0.264681	0.229598	0.224775	0.280946
-40	0.00217391304347826	0.00113421550094518	0.000661625708884688	0.000850661625708885	0.000850661625708885	0.000945179584120983	0.00113421550094518	0.000756143667296786	0.000945179584120983	0.000189035916824197	0.000283553875236295	9.45179584120983e-05	0.00302457466918715	0.000472589792060492	0.00151228733459357	0.000661625708884688	0.000378071833648393	0.000189035916824197	0.000472589792060492	0.000661625708884688	0.000189035916824197	0.264965	0.232246	0.23253	0.27026
-39	0.00245746691871456	0.000472589792060492	0.00160680529300567	0.00160680529300567	0.00132325141776938	0.00056710775047259	0.00151228733459357	0.000756143667296786	0.00132325141776938	0.000283553875236295	9.45179584120983e-05	0	0.00425330812854442	0.00132325141776938	0.00245746691871456	0.000378071833648393	9.45179584120983e-05	9.45179584120983e-05	0.000472589792060492	0.000472589792060492	0.000283553875236295	0.263735	0.236785	0.231962	0.267518
-38	0.00255198487712665	0.000850661625708885	0.000850661625708885	0.00141776937618147	0.00179584120982987	0.000850661625708885	0.00170132325141777	0.000661625708884688	0.00103969754253308	0.000472589792060492	0.000189035916824197	0	0.00255198487712665	0.00151228733459357	0.00189035916824197	0.000283553875236295	0.000189035916824197	9.45179584120983e-05	0.000661625708884688	0.000378071833648393	0.000661625708884688	0.265626	0.231017	0.236028	0.267329
-37	0.00170132325141777	0.00170132325141777	0.000661625708884688	0.00160680529300567	0.00245746691871456	0.000850661625708885	0.00132325141776938	0.000472589792060492	0.00056710775047259	0.000189035916824197	0.000189035916824197	0.000189035916824197	0.00302457466918715	0.000661625708884688	0.00226843100189036	0.000661625708884688	9.45179584120983e-05	9.45179584120983e-05	0.000378071833648393	0.000378071833648393	0.000283553875236295	0.268533	0.222958	0.233453	0.275057
-36	0.00236294896030246	0.000945179584120983	0.000756143667296786	0.00217391304347826	0.00699432892249527	0.000756143667296786	0.000756143667296786	0.000756143667296786	0.000756143667296786	0.000378071833648393	0.000189035916824197	0.000189035916824197	0.00311909262759924	0.00103969754253308	0.00160680529300567	0.000850661625708885	0.000378071833648393	0.000378071833648393	0.00056710775047259	0.000283553875236295	0.000472589792060492	0.274489	0.224849	0.231184	0.269478
-35	0.00217391304347826	0.00132325141776938	0.00141776937618147	0.00189035916824197	0.0187145557655955	0.00056710775047259	0.00141776937618147	9.45179584120983e-05	0.000283553875236295	0.000283553875236295	9.45179584120983e-05	0.000189035916824197	0.00255198487712665	0.00122873345935728	0.00217391304347826	0.000283553875236295	0.000189035916824197	0.000283553875236295	0.000850661625708885	0.000378071833648393	9.45179584120983e-05	0.262481	0.228915	0.232886	0.275719
-34	0.00198487712665406	0.000756143667296786	0.00122873345935728	0.00189035916824197	0.0320415879017013	0.000472589792060492	0.00103969754253308	0.000378071833648393	0.000756143667296786	0.000661625708884688	0.000283553875236295	9.45179584120983e-05	0.00349716446124764	0.000945179584120983	0.00217391304347826	0.000189035916824197	0.00056710775047259	0.000189035916824197	0.000661625708884688	0.000189035916824197	0.000378071833648393	0.264467	0.223714	0.248109	0.26371
-33	0.00293005671077505	0.00103969754253308	0.000756143667296786	0.00274102079395085	0.0252362948960302	0.000756143667296786	0.00151228733459357	0.000472589792060492	0.00122873345935728	0.000378071833648393	9.45179584120983e-05	9.45179584120983e-05	0.00321361058601134	0.00122873345935728	0.00160680529300567	0.000189035916824197	0.000850661625708885	0.000189035916824197	0.00056710775047259	9.45179584120983e-05	0.000378071833648393	0.260849	0.219344	0.229649	0.290158
-32	0.00198487712665406	0.000945179584120983	0.00122873345935728	0.00387523629489603	0.0140831758034026	0.00056710775047259	0.000945179584120983	0.000850661625708885	0.000661625708884688	0.00056710775047259	0.000189035916824197	9.45179584120983e-05	0.00151228733459357	0.00103969754253308	0.00217391304347826	0.00056710775047259	0.000661625708884688	0.000472589792060492	0.000850661625708885	0.000189035916824197	0.000378071833648393	0.264725	0.208755	0.215751	0.310769
-31	0.00255198487712665	0.00122873345935728	0.00170132325141777	0.00850661625708885	0.00359168241965974	0.000850661625708885	0.00113421550094518	0.000661625708884688	0.000378071833648393	0.000378071833648393	0.000283553875236295	0.000189035916824197	0.00302457466918715	0.00198487712665406	0.00160680529300567	0.000283553875236295	0.000472589792060492	0.000189035916824197	0.000850661625708885	9.45179584120983e-05	0.000189035916824197	0.299329	0.194289	0.199773	0.306609
-30	0.00236294896030246	0.00198487712665406	0.00113421550094518	0.0219281663516068	0.00217391304347826	0.00103969754253308	0.000283553875236295	0.000850661625708885	0.000661625708884688	0.00056710775047259	0.000283553875236295	0.000472589792060492	0.00321361058601134	0.00132325141776938	0.00207939508506616	0.000850661625708885	0.000378071833648393	0	0.000850661625708885	0.000189035916824197	0.000189035916824197	0.310485	0.188806	0.185024	0.315685
-29	0.00198487712665406	0.00160680529300567	0.00122873345935728	0.034593572778828	0.00132325141776938	0.00056710775047259	0.000661625708884688	0.000283553875236295	0.000283553875236295	0.000283553875236295	9.45179584120983e-05	0.000189035916824197	0.00330812854442344	0.00122873345935728	0.00217391304347826	0.00113421550094518	9.45179584120983e-05	9.45179584120983e-05	0.000378071833648393	0.000283553875236295	0.000189035916824197	0.328259	0.194006	0.191453	0.286282
-28	0.00245746691871456	0.00245746691871456	0.00103969754253308	0.0279773156899811	0.00113421550094518	0.000945179584120983	0.00113421550094518	0.000756143667296786	0.000850661625708885	0.000472589792060492	0.000189035916824197	0.000378071833648393	0.00330812854442344	0.00113421550094518	0.00170132325141777	0.00113421550094518	0.000189035916824197	0.000189035916824197	9.45179584120983e-05	9.45179584120983e-05	0.000189035916824197	0.335161	0.183984	0.19202	0.288834
-27	0.00245746691871456	0.00283553875236295	0.00122873345935728	0.0155009451795841	0.000756143667296786	0.00141776937618147	0.00113421550094518	0.000661625708884688	0.000472589792060492	0.000945179584120983	0.000189035916824197	0.000283553875236295	0.00255198487712665	0.00141776937618147	0.000850661625708885	0.000661625708884688	0.000378071833648393	9.45179584120983e-05	0.000283553875236295	0.000378071833648393	0.000472589792060492	0.346696	0.191642	0.190035	0.271627
-26	0.00283553875236295	0.00226843100189036	0.00160680529300567	0.00463137996219282	0.00103969754253308	0.00151228733459357	0.00160680529300567	0.000850661625708885	0.000378071833648393	0.000661625708884688	0.000283553875236295	0.000283553875236295	0.00368620037807183	0.00160680529300567	0.00198487712665406	0.000945179584120983	0.000189035916824197	0.000283553875236295	0.000283553875236295	0.000189035916824197	0.00056710775047259	0.319939	0.2045	0.21906	0.2565
-25	0.00340264650283554	0.00189035916824197	0.000945179584120983	0.00302457466918715	0.000945179584120983	0.00321361058601134	0.00132325141776938	0.000283553875236295	0.000189035916824197	0.000756143667296786	0.000189035916824197	0.000189035916824197	0.00387523629489603	0.00132325141776938	0.00198487712665406	0.000283553875236295	0.000283553875236295	0.000283553875236295	0.000189035916824197	0.000189035916824197	0.000472589792060492	0.302638	0.213009	0.236362	0.247991
-24	0.00387523629489603	0.00170132325141777	0.00151228733459357	0.00198487712665406	0.000756143667296786	0.00255198487712665	0.00113421550094518	0.000850661625708885	0.000283553875236295	0.00113421550094518	0.00056710775047259	0.000283553875236295	0.00321361058601134	0.000945179584120983	0.00236294896030246	0.00056710775047259	0.000283553875236295	0.000472589792060492	0.000378071833648393	0.000378071833648393	0.000189035916824197	0.271627	0.233053	0.249409	0.245911
-23	0.00453686200378072	0.00151228733459357	0.00122873345935728	0.00198487712665406	0.000472589792060492	0.00274102079395085	0.00122873345935728	0.000472589792060492	0.000661625708884688	0.000661625708884688	0.000283553875236295	0.000661625708884688	0.00321361058601134	0.00113421550094518	0.00207939508506616	0.000378071833648393	0.000472589792060492	0.000189035916824197	0.000189035916824197	0	0	0.250449	0.244682	0.254325	0.250544
-22	0.00368620037807183	0.00151228733459357	0.000850661625708885	0.00151228733459357	0.000472589792060492	0.00141776937618147	0.00141776937618147	0.00132325141776938	0.000283553875236295	0.000661625708884688	0.000378071833648393	0.000378071833648393	0.00321361058601134	0.00103969754253308	0.00151228733459357	0.000283553875236295	0.000283553875236295	0.00056710775047259	0.00056710775047259	0.000472589792060492	9.45179584120983e-05	0.255082	0.238158	0.252907	0.253853
-21	0.00378071833648393	0.00217391304347826	0.00179584120982987	0.00141776937618147	0.000378071833648393	0.00103969754253308	0.00179584120982987	0.00056710775047259	0.000945179584120983	0.000945179584120983	0.000283553875236295	0.000661625708884688	0.00340264650283554	0.00189035916824197	0.00170132325141777	0.000378071833648393	0.000189035916824197	0.000189035916824197	0.000472589792060492	9.45179584120983e-05	0.000189035916824197	0.263591	0.237307	0.246478	0.252624
-20	0.00378071833648393	0.00255198487712665	0.00141776937618147	0.00122873345935728	0.000189035916824197	0.000850661625708885	0.00113421550094518	0.00113421550094518	0.000472589792060492	0.000945179584120983	0.000189035916824197	0.000945179584120983	0.00368620037807183	0.00217391304347826	0.00255198487712665	0.000378071833648393	0.000189035916824197	0.000378071833648393	0.000189035916824197	0	0	0.251867	0.233998	0.248275	0.26586
-19	0.00349716446124764	0.00113421550094518	0.00170132325141777	0.000945179584120983	0.00056710775047259	0.000661625708884688	0.00141776937618147	0.000756143667296786	0.000850661625708885	0.000850661625708885	0.000189035916824197	0.000472589792060492	0.00302457466918715	0.00113421550094518	0.00198487712665406	0.000661625708884688	9.45179584120983e-05	0	0.000472589792060492	9.45179584120983e-05	9.45179584120983e-05	0.254088	0.235277	0.239342	0.271292
-18	0.00311909262759924	0.00170132325141777	0.00141776937618147	0.000850661625708885	0.000189035916824197	0.000850661625708885	0.00122873345935728	0.000661625708884688	0.000472589792060492	0.000850661625708885	0.000378071833648393	0.000378071833648393	0.00349716446124764	0.000850661625708885	0.00207939508506616	0.000283553875236295	0.000189035916824197	9.45179584120983e-05	0	0.000283553875236295	9.45179584120983e-05	0.260705	0.241989	0.232725	0.264581
-17	0.00396975425330813	0.00207939508506616	0.00189035916824197	0.00113421550094518	0.000661625708884688	0.000756143667296786	0.00226843100189036	0.00113421550094518	0.000756143667296786	0.000756143667296786	0.000661625708884688	0.000756143667296786	0.00359168241965974	0.00122873345935728	0.00179584120982987	0.000283553875236295	0.000283553875236295	9.45179584120983e-05	0.000661625708884688	0	0.000189035916824197	0.262218	0.244257	0.224974	0.268551
-16	0.00396975425330813	0.00170132325141777	0.00207939508506616	0.000850661625708885	0.00056710775047259	0.000378071833648393	0.00103969754253308	0.000661625708884688	0.000945179584120983	0.000850661625708885	0.000283553875236295	0.000378071833648393	0.00444234404536862	0.000661625708884688	0.00179584120982987	0.000378071833648393	0.000189035916824197	9.45179584120983e-05	0.000378071833648393	0.000189035916824197	0.000283553875236295	0.267889	0.237357	0.225069	0.269685
-15	0.00368620037807183	0.00113421550094518	0.00198487712665406	0.000378071833648393	0.000283553875236295	0.000283553875236295	0.00170132325141777	0.00103969754253308	0.000850661625708885	0.00056710775047259	0.000378071833648393	0.00056710775047259	0.00387523629489603	0.00056710775047259	0.00236294896030246	0.000283553875236295	0.000189035916824197	0.000189035916824197	9.45179584120983e-05	0	0	0.261083	0.238208	0.230078	0.27063
-14	0.00349716446124764	0.00160680529300567	0.00160680529300567	0.00103969754253308	0.000378071833648393	0.000189035916824197	0.00141776937618147	0.00122873345935728	0.00056710775047259	0.00151228733459357	0.000283553875236295	0.000472589792060492	0.00330812854442344	0.00132325141776938	0.00207939508506616	0.000378071833648393	0.000661625708884688	0	9.45179584120983e-05	9.45179584120983e-05	9.45179584120983e-05	0.263068	0.242272	0.231024	0.263636
-13	0.00359168241965974	0.00170132325141777	0.00179584120982987	0.000472589792060492	0.000472589792060492	0.000378071833648393	0.00151228733459357	0.00132325141776938	0.000756143667296786	0.000850661625708885	0.000283553875236295	0.000472589792060492	0.00217391304347826	0.000850661625708885	0.00236294896030246	0.00056710775047259	0.000378071833648393	9.45179584120983e-05	0.000283553875236295	0.000283553875236295	0	0.245392	0.250591	0.23679	0.267228
-12	0.00311909262759924	0.00160680529300567	0.00141776937618147	0.00132325141776938	0.000189035916824197	0.000661625708884688	0.00170132325141777	0.000945179584120983	0.000945179584120983	0.000661625708884688	0.000472589792060492	0.000661625708884688	0.00311909262759924	0.00113421550094518	0.00255198487712665	0.000378071833648393	0.000472589792060492	0.000189035916824197	0.000189035916824197	0.000189035916824197	0.000189035916824197	0.246148	0.255223	0.226865	0.271765
-11	0.00274102079395085	0.00170132325141777	0.00255198487712665	0.000850661625708885	0.000189035916824197	0.000472589792060492	0.00151228733459357	0.00122873345935728	0.000472589792060492	0.000661625708884688	0.000756143667296786	0.000378071833648393	0.00198487712665406	0.00122873345935728	0.00255198487712665	0.000378071833648393	0.000283553875236295	0.000189035916824197	0.000283553875236295	0.000378071833648393	0.000283553875236295	0.255695	0.245014	0.228282	0.271009
-10	0.00359168241965974	0.00160680529300567	0.00179584120982987	0.00056710775047259	0.000472589792060492	0.000189035916824197	0.00189035916824197	0.00189035916824197	0.00056710775047259	0.00056710775047259	0.000756143667296786	0.00113421550094518	0.00189035916824197	0.00113421550094518	0.00170132325141777	0.000756143667296786	0.000283553875236295	0.000189035916824197	0	0.000189035916824197	9.45179584120983e-05	0.259193	0.231874	0.234616	0.274317
-9	0.00311909262759924	0.00132325141776938	0.00151228733459357	0.000850661625708885	0.000189035916824197	0.000472589792060492	0.00207939508506616	0.00264650283553875	0.000661625708884688	0.000756143667296786	0.000472589792060492	0.000189035916824197	0.00236294896030246	0.000756143667296786	0.00217391304347826	0.000472589792060492	0.000283553875236295	0.000283553875236295	0.000283553875236295	0	0	0.263327	0.227788	0.227694	0.281191
-8	0.00434782608695652	0.00170132325141777	0.00141776937618147	0.000661625708884688	9.45179584120983e-05	0.000283553875236295	0.00198487712665406	0.00179584120982987	0.000850661625708885	0.000756143667296786	0.00056710775047259	0.000378071833648393	0.00236294896030246	0.000756143667296786	0.00132325141776938	0.000661625708884688	0.000189035916824197	0.000189035916824197	0.000283553875236295	9.45179584120983e-05	0	0.263327	0.229584	0.218998	0.288091
-7	0.00425330812854442	0.00122873345935728	0.00160680529300567	0.000756143667296786	9.45179584120983e-05	0.000661625708884688	0.00113421550094518	0.00255198487712665	0.00056710775047259	0.000850661625708885	0.00056710775047259	0.000283553875236295	0.00198487712665406	0.00056710775047259	0.00189035916824197	0.000283553875236295	9.45179584120983e-05	0.000189035916824197	0.000283553875236295	9.45179584120983e-05	0.000189035916824197	0.263611	0.224764	0.224669	0.286957
-6	0.00349716446124764	0.00151228733459357	0.00198487712665406	0.000661625708884688	0.000189035916824197	0.000283553875236295	0.00141776937618147	0.00311909262759924	0.000850661625708885	0.00103969754253308	0.000378071833648393	0.000283553875236295	0.00236294896030246	0.00056710775047259	0.00132325141776938	0.000661625708884688	0.00056710775047259	9.45179584120983e-05	0.000378071833648393	9.45179584120983e-05	9.45179584120983e-05	0.260586	0.240076	0.223535	0.275803
-5	0.00321361058601134	0.00132325141776938	0.00141776937618147	0.000661625708884688	0.000472589792060492	0.000283553875236295	0.00226843100189036	0.00274102079395085	0.000850661625708885	0.000756143667296786	0.000378071833648393	0.000472589792060492	0.00179584120982987	0.000661625708884688	0.00132325141776938	0.000378071833648393	9.45179584120983e-05	9.45179584120983e-05	0.000283553875236295	0	0	0.265312	0.225898	0.232703	0.276087
-4	0.00311909262759924	0.00472589792060491	0.00274102079395085	0.00056710775047259	9.45179584120983e-05	0.000472589792060492	0.00321361058601134	0.00708884688090737	0.000850661625708885	0.00056710775047259	9.45179584120983e-05	0.000283553875236295	0.00179584120982987	0.000945179584120983	0.00103969754253308	0.000189035916824197	9.45179584120983e-05	0.000189035916824197	0	0	0.000189035916824197	0.264178	0.236673	0.234594	0.264556
-3	0.00217391304347826	0.00330812854442344	0.00255198487712665	0.000283553875236295	9.45179584120983e-05	0.000189035916824197	0.00207939508506616	0.00756143667296786	0.000661625708884688	0.000756143667296786	0.000945179584120983	9.45179584120983e-05	0.00113421550094518	0.000756143667296786	0.00151228733459357	0.000189035916824197	0.000189035916824197	0	9.45179584120983e-05	0.000189035916824197	0	0.244447	0.215994	0.258626	0.280934
-2	0.00302457466918715	0.00217391304347826	0.00189035916824197	0.000472589792060492	9.45179584120983e-05	0.00056710775047259	0.00302457466918715	0.0517013232514178	0.000189035916824197	0.000472589792060492	0.000378071833648393	0.000283553875236295	0.00113421550094518	0.000661625708884688	0.000850661625708885	0.000756143667296786	0.000189035916824197	0.000378071833648393	9.45179584120983e-05	9.45179584120983e-05	9.45179584120983e-05	0.199338	0.226843	0.248393	0.325425
-1	0.00274102079395085	0.00217391304347826	0.00189035916824197	0.000945179584120983	0.000472589792060492	0.000472589792060492	0.00368620037807183	0.0111531190926276	0.000189035916824197	0.000756143667296786	0.000661625708884688	0.000283553875236295	0.00122873345935728	0.000945179584120983	0.00113421550094518	0.000283553875236295	0.000189035916824197	9.45179584120983e-05	9.45179584120983e-05	0	0	0.183648	0.300567	0.264367	0.251418
0	0.00661625708884688	0.00113421550094518	0.00141776937618147	0.00056710775047259	0.000661625708884688	0.000189035916824197	0.00293005671077505	0.0140831758034026	0.000378071833648393	0.000378071833648393	0.00113421550094518	0	0.00103969754253308	0.00103969754253308	0.000661625708884688	0.000189035916824197	0.000283553875236295	0	0	0	9.45179584120983e-05	0.37552	0.200662	0.195841	0.227977
1	0.0054820415879017	0.00141776937618147	0.000945179584120983	0.000378071833648393	0.000283553875236295	0.000378071833648393	0.00756143667296786	0.0116257088846881	0.00056710775047259	0.000945179584120983	0.000945179584120983	0.000189035916824197	0.00132325141776938	0.00113421550094518	0.00103969754253308	0.000283553875236295	0.00056710775047259	9.45179584120983e-05	0	0	0	0.216824	0.216352	0.298204	0.26862
2	0.00482041587901701	0.00160680529300567	0.00151228733459357	0.000472589792060492	0.000472589792060492	0.000189035916824197	0.00793950850661626	0.00680529300567108	0.000283553875236295	0.00056710775047259	0.000850661625708885	9.45179584120983e-05	0.00207939508506616	0.00056710775047259	0.000378071833648393	0.000283553875236295	0.000378071833648393	0.000189035916824197	0.000189035916824197	0	0	0.260775	0.152174	0.201607	0.385444
3	0.00472589792060491	0.000661625708884688	0.00141776937618147	0.000378071833648393	0.000283553875236295	0.000378071833648393	0.0520793950850662	0.00500945179584121	0.000472589792060492	0.000661625708884688	0.00056710775047259	0.000378071833648393	0.00160680529300567	0.000661625708884688	0.00056710775047259	0.000472589792060492	0.000378071833648393	0.000189035916824197	9.45179584120983e-05	0	0	0.237713	0.224953	0.211815	0.32552
4	0.0056710775047259	0.00056710775047259	0.00189035916824197	0.000756143667296786	0.000189035916824197	0.000756143667296786	0.011531190926276	0.00293005671077505	0.00056710775047259	0.00132325141776938	0.000378071833648393	0.000283553875236295	0.00170132325141777	0.000945179584120983	0.000661625708884688	0.000378071833648393	0.000189035916824197	9.45179584120983e-05	0	0	0	0.223724	0.209924	0.254253	0.312098
5	0.00415879017013232	0.000850661625708885	0.00217391304347826	0.000945179584120983	0.000283553875236295	9.45179584120983e-05	0.014461247637051	0.00255198487712665	0.000189035916824197	0.00103969754253308	0.000378071833648393	0	0.00170132325141777	0.00056710775047259	0.000378071833648393	0.000661625708884688	0.000472589792060492	9.45179584120983e-05	0	9.45179584120983e-05	0	0.232798	0.226087	0.233743	0.307372
6	0.00368620037807183	0.00170132325141777	0.00264650283553875	0.00056710775047259	0.000283553875236295	0.000283553875236295	0.0120037807183365	0.00245746691871456	0.000472589792060492	0.000945179584120983	0.000472589792060492	0.000189035916824197	0.00132325141776938	0.000472589792060492	0.000378071833648393	0.000756143667296786	0.000189035916824197	9.45179584120983e-05	0	9.45179584120983e-05	0	0.223629	0.248866	0.213138	0.314367
7	0.00387523629489603	0.00151228733459357	0.00255198487712665	0.00056710775047259	0.000189035916824197	0.000378071833648393	0.00718336483931947	0.000850661625708885	0.000378071833648393	0.000661625708884688	9.45179584120983e-05	0	0.00122873345935728	0.00103969754253308	0.00132325141776938	0.000661625708884688	0.000189035916824197	0.000283553875236295	0	0	0	0.230813	0.246881	0.20879	0.313516
8	0.00170132325141777	0.00103969754253308	0.00453686200378072	0.000756143667296786	0.000378071833648393	0.000283553875236295	0.0054820415879017	0.00170132325141777	0.000378071833648393	0.000378071833648393	0.000189035916824197	0.000189035916824197	0.00141776937618147	0.00122873345935728	0.000945179584120983	0.000472589792060492	0.000189035916824197	9.45179584120983e-05	0	0	0	0.232703	0.240643	0.223913	0.302741
9	0.00245746691871456	0.000756143667296786	0.00274102079395085	0.000472589792060492	9.45179584120983e-05	0.000283553875236295	0.00311909262759924	0.00160680529300567	0.000378071833648393	0.000378071833648393	0.000472589792060492	9.45179584120983e-05	0.00132325141776938	0.000378071833648393	0.000756143667296786	0.000850661625708885	0.000378071833648393	9.45179584120983e-05	0	0	0	0.225047	0.262476	0.208318	0.304159
10	0.00302457466918715	0.00160680529300567	0.00207939508506616	0.000661625708884688	0	0.000283553875236295	0.00349716446124764	0.00132325141776938	0.000378071833648393	0.000472589792060492	0	9.45179584120983e-05	0.00103969754253308	0.00151228733459357	0.000661625708884688	0.000283553875236295	9.45179584120983e-05	0.000378071833648393	0.000283553875236295	9.45179584120983e-05	0	0.226465	0.268809	0.21569	0.289036
11	0.00340264650283554	0.00113421550094518	0.00321361058601134	0.000756143667296786	9.45179584120983e-05	0.000283553875236295	0.00321361058601134	0.00170132325141777	0.000378071833648393	0.000189035916824197	9.45179584120983e-05	9.45179584120983e-05	0.00122873345935728	0.00103969754253308	0.000189035916824197	0.00056710775047259	0.000189035916824197	0.000283553875236295	0.000189035916824197	0	0	0.268998	0.240359	0.230151	0.260491
12	0.00283553875236295	0.000472589792060492	0.00113421550094518	0.00056710775047259	9.45179584120983e-05	9.45179584120983e-05	0.00122873345935728	0.00198487712665406	0.000378071833648393	0.000189035916824197	9.45179584120983e-05	0	0.00217391304347826	0.000378071833648393	0.000661625708884688	0.000472589792060492	9.45179584120983e-05	0.000283553875236295	0	0.000189035916824197	0	0.267675	0.238658	0.232609	0.261059
13	0.00179584120982987	0.00113421550094518	0.00160680529300567	0.00056710775047259	0.00056710775047259	0.000472589792060492	0.00226843100189036	0.00113421550094518	0.000472589792060492	0.000472589792060492	9.45179584120983e-05	0	0.00179584120982987	0.00141776937618147	0.000756143667296786	0.00056710775047259	0.000378071833648393	0.000378071833648393	0	0.000189035916824197	0	0.257183	0.270038	0.22051	0.252268
14	0.00340264650283554	0.000945179584120983	0.00132325141776938	0.000189035916824197	0.000189035916824197	0.000283553875236295	0.00255198487712665	0.000850661625708885	0.000189035916824197	0	0.000189035916824197	0	0.00141776937618147	0.000850661625708885	0.000378071833648393	9.45179584120983e-05	0	9.45179584120983e-05	0	9.45179584120983e-05	0	0.254253	0.268336	0.217675	0.259735
15	0.00245746691871456	0.000756143667296786	0.00189035916824197	9.45179584120983e-05	9.45179584120983e-05	0.000378071833648393	0.00160680529300567	0.00141776937618147	0.000945179584120983	9.45179584120983e-05	0.000283553875236295	9.45179584120983e-05	0.00245746691871456	0.000756143667296786	0.000472589792060492	0.000378071833648393	0.000189035916824197	0.000378071833648393	0.000189035916824197	9.45179584120983e-05	0.000189035916824197	0.223913	0.259074	0.23724	0.279773
16	0.00170132325141777	0.000945179584120983	0.00179584120982987	0.000378071833648393	9.45179584120983e-05	0.000472589792060492	0.00207939508506616	0.000850661625708885	0.000756143667296786	0.000189035916824197	0.000189035916824197	0	0.00198487712665406	0.00151228733459357	0.000756143667296786	0.000283553875236295	0	0.000283553875236295	0	0	9.45179584120983e-05	0.205766	0.283554	0.213989	0.296692
17	0.00283553875236295	0.000756143667296786	0.00103969754253308	0.000661625708884688	0	0.000378071833648393	0.00245746691871456	0.000945179584120983	0.000378071833648393	9.45179584120983e-05	9.45179584120983e-05	0	0.00113421550094518	0.000472589792060492	0.00113421550094518	0.000378071833648393	9.45179584120983e-05	0.000189035916824197	0.000283553875236295	0	0	0.214556	0.286106	0.229395	0.269943
18	0.00321361058601134	0.000945179584120983	0.00179584120982987	0.000756143667296786	0.000661625708884688	0.000189035916824197	0.00132325141776938	0.000661625708884688	0.00056710775047259	0.000189035916824197	0	0	0.00207939508506616	0.00141776937618147	0.00056710775047259	9.45179584120983e-05	0	0	0.000189035916824197	9.45179584120983e-05	0	0.24225	0.252836	0.251607	0.253308
19	0.00302457466918715	0.00141776937618147	0.00132325141776938	0.000472589792060492	0.000189035916824197	9.45179584120983e-05	0.00245746691871456	0.00141776937618147	0.000945179584120983	0.000283553875236295	0	0	0.00179584120982987	0.00122873345935728	0.00103969754253308	0.000378071833648393	0.000189035916824197	0.000189035916824197	9.45179584120983e-05	0	0	0.25293	0.251607	0.222873	0.27259
20	0.00179584120982987	0.00151228733459357	0.00122873345935728	0.000283553875236295	0.00056710775047259	9.45179584120983e-05	0.00198487712665406	0.00056710775047259	0.000283553875236295	0.000283553875236295	9.45179584120983e-05	9.45179584120983e-05	0.00141776937618147	0.000850661625708885	0.000945179584120983	0.000472589792060492	0.000378071833648393	0.000189035916824197	0.000189035916824197	9.45179584120983e-05	9.45179584120983e-05	0.253403	0.270321	0.237524	0.238752
21	0.00207939508506616	0.00141776937618147	0.00170132325141777	0.00056710775047259	0.000378071833648393	0.000283553875236295	0.00151228733459357	0.00132325141776938	0.000378071833648393	9.45179584120983e-05	9.45179584120983e-05	0	0.00217391304347826	0.00103969754253308	0.000945179584120983	0.000189035916824197	0.000189035916824197	0	9.45179584120983e-05	9.45179584120983e-05	0	0.26276	0.257372	0.234877	0.244991
22	0.00236294896030246	0.00132325141776938	0.00226843100189036	9.45179584120983e-05	0	0.00056710775047259	0.00132325141776938	0.000756143667296786	0.000472589792060492	0.000189035916824197	9.45179584120983e-05	0	0.00170132325141777	0.00103969754253308	0.000756143667296786	0	9.45179584120983e-05	9.45179584120983e-05	0	0	9.45179584120983e-05	0.266257	0.255671	0.24225	0.235822
23	0.00283553875236295	0.00368620037807183	0.00226843100189036	0.000945179584120983	9.45179584120983e-05	0.000189035916824197	0.00113421550094518	0.00141776937618147	0.000189035916824197	0.000189035916824197	9.45179584120983e-05	0	0.00274102079395085	0.00132325141776938	0.000661625708884688	0.000378071833648393	0.000189035916824197	0.000189035916824197	9.45179584120983e-05	0	0	0.277505	0.225331	0.26966	0.227505
24	0.00226843100189036	0.00189035916824197	0.000850661625708885	0.000661625708884688	0	0.000283553875236295	0.00236294896030246	0.00132325141776938	0.00160680529300567	9.45179584120983e-05	0	9.45179584120983e-05	0.00207939508506616	0.00103969754253308	0.000945179584120983	0.000661625708884688	0.000378071833648393	0.000472589792060492	9.45179584120983e-05	0	0	0.287429	0.219471	0.245936	0.247164
25	0.00198487712665406	0.00122873345935728	0.00132325141776938	0.00056710775047259	0.000472589792060492	0.000189035916824197	0.00122873345935728	0.00255198487712665	0.00056710775047259	0.000189035916824197	0	0	0.00198487712665406	0.00141776937618147	0.000661625708884688	0.000378071833648393	0	9.45179584120983e-05	0.000189035916824197	0	9.45179584120983e-05	0.280246	0.240643	0.24225	0.236862
26	0.00226843100189036	0.000756143667296786	0.00141776937618147	0.000661625708884688	0	0.000472589792060492	0.00170132325141777	0.000661625708884688	0.000661625708884688	0.000283553875236295	0	0.000189035916824197	0.00151228733459357	0.00113421550094518	0.000661625708884688	0.000472589792060492	0.000189035916824197	0	0.000189035916824197	0	9.45179584120983e-05	0.294045	0.244329	0.22656	0.235066
27	0.00491493383742911	0.000472589792060492	0.00141776937618147	0.000378071833648393	0.000472589792060492	9.45179584120983e-05	0.00132325141776938	0.00113421550094518	0.000378071833648393	9.45179584120983e-05	0.000189035916824197	0.000189035916824197	0.00217391304347826	0.00103969754253308	0.00122873345935728	0.00056710775047259	0.000189035916824197	0.000189035916824197	0	0	0	0.30794	0.207183	0.256994	0.227883
28	0.00274102079395085	0.000472589792060492	0.000756143667296786	0.000472589792060492	0.000378071833648393	0.000283553875236295	0.00217391304347826	0.000850661625708885	0.000472589792060492	0.000189035916824197	9.45179584120983e-05	0	0.00189035916824197	0.000661625708884688	0.00132325141776938	0.00056710775047259	0	0.000283553875236295	0	0	0	0.256238	0.237807	0.288091	0.217864
29	0.00226843100189036	0.000850661625708885	0.00056710775047259	0.000189035916824197	0.000283553875236295	0.000472589792060492	0.00198487712665406	0.000756143667296786	0.000945179584120983	9.45179584120983e-05	0	9.45179584120983e-05	0.00151228733459357	0.00113421550094518	0.000850661625708885	0.000189035916824197	0.000283553875236295	0.000189035916824197	0	9.45179584120983e-05	9.45179584120983e-05	0.305766	0.207278	0.226087	0.26087
30	0.00151228733459357	0.000945179584120983	0.000945179584120983	0.000661625708884688	0.000283553875236295	0	0.00293005671077505	0.00141776937618147	0.000661625708884688	0	9.45179584120983e-05	0.000189035916824197	0.00255198487712665	0.000378071833648393	0.00113421550094518	0.000283553875236295	9.45179584120983e-05	0.000378071833648393	9.45179584120983e-05	9.45179584120983e-05	9.45179584120983e-05	0.267013	0.253592	0.21465	0.264745
31	0.00141776937618147	0.000661625708884688	0.00122873345935728	0.000283553875236295	0.000472589792060492	0.000283553875236295	0.00151228733459357	0.000850661625708885	0.000378071833648393	0.000283553875236295	9.45179584120983e-05	0	0.00226843100189036	0.000756143667296786	0.000472589792060492	0.000283553875236295	9.45179584120983e-05	0.000378071833648393	0	0	9.45179584120983e-05	0.242533	0.252079	0.24603	0.259357
32	0.00122873345935728	0.00122873345935728	0.000850661625708885	0.00056710775047259	0.000661625708884688	0.000378071833648393	0.00141776937618147	0.00170132325141777	0.00056710775047259	9.45179584120983e-05	0	0.000189035916824197	0.00170132325141777	0.00056710775047259	0.00113421550094518	9.45179584120983e-05	0.000189035916824197	0.000189035916824197	0	0	0	0.245558	0.246881	0.222779	0.284783
33	0.00179584120982987	0.000756143667296786	0.00103969754253308	0.000756143667296786	0.000189035916824197	0.000378071833648393	0.00160680529300567	0.00122873345935728	0.000756143667296786	0	0.000189035916824197	9.45179584120983e-05	0.00160680529300567	0.000661625708884688	0.00056710775047259	0.000661625708884688	0.000189035916824197	0.000189035916824197	0.000189035916824197	0	0	0.255009	0.245841	0.21966	0.27949
34	0.00264650283553875	0.000378071833648393	0.000756143667296786	0.00056710775047259	0.000189035916824197	0.000189035916824197	0.00103969754253308	0.00122873345935728	0.000661625708884688	9.45179584120983e-05	0	0	0.00189035916824197	0.00122873345935728	0.000472589792060492	0.000472589792060492	0.000472589792060492	9.45179584120983e-05	9.45179584120983e-05	0	0	0.256616	0.246125	0.201418	0.295841
35	0.00170132325141777	0.000756143667296786	0.000945179584120983	0.000850661625708885	9.45179584120983e-05	0.000189035916824197	0.00179584120982987	0.00122873345935728	0.000378071833648393	9.45179584120983e-05	9.45179584120983e-05	9.45179584120983e-05	0.00141776937618147	0.000756143667296786	0.00113421550094518	9.45179584120983e-05	0.000189035916824197	9.45179584120983e-05	9.45179584120983e-05	0	9.45179584120983e-05	0.255009	0.242628	0.208696	0.293667
36	0.00245746691871456	0.000661625708884688	0.000756143667296786	0.00103969754253308	0.000189035916824197	0.000283553875236295	0.00132325141776938	0.000945179584120983	0.000850661625708885	0	0	0	0.00160680529300567	0.000850661625708885	0.00113421550094518	0.000283553875236295	0.000189035916824197	9.45179584120983e-05	0	9.45179584120983e-05	0	0.259452	0.241966	0.186389	0.312193
37	0.00217391304347826	0.000756143667296786	0.000945179584120983	0.00151228733459357	0.000378071833648393	9.45179584120983e-05	0.00236294896030246	0.00103969754253308	0.000283553875236295	0.000189035916824197	0	0	0.00113421550094518	0.00103969754253308	0.000661625708884688	0.000378071833648393	9.45179584120983e-05	0.000378071833648393	9.45179584120983e-05	9.45179584120983e-05	0	0.255388	0.232798	0.201512	0.310302
38	0.00113421550094518	0.000472589792060492	0.00170132325141777	0.00103969754253308	0.000378071833648393	0.000378071833648393	0.00160680529300567	0.00122873345935728	0.000756143667296786	0.000189035916824197	0	0	0.000756143667296786	0.000850661625708885	0.000945179584120983	0.000661625708884688	9.45179584120983e-05	0.000378071833648393	0	0	0.000189035916824197	0.266446	0.235728	0.188374	0.309452
39	0.00160680529300567	0.00056710775047259	0.00103969754253308	0.000472589792060492	0.000189035916824197	0.000283553875236295	0.00198487712665406	0.00113421550094518	0.000283553875236295	9.45179584120983e-05	0	0	0.00160680529300567	0.000756143667296786	0.000756143667296786	0.000378071833648393	0.000189035916824197	0	0	0	0	0.270794	0.233743	0.193006	0.302457
40	0.00141776937618147	0.000756143667296786	0.00122873345935728	0.000756143667296786	0.000472589792060492	0.00056710775047259	0.00179584120982987	0.00141776937618147	0.000378071833648393	0	0.000189035916824197	0	0.00113421550094518	0.000378071833648393	0.00103969754253308	0.000189035916824197	9.45179584120983e-05	9.45179584120983e-05	0	0	0	0.269307	0.233765	0.193686	0.303242
41	0.00141776937618147	0.000378071833648393	0.00141776937618147	0.000472589792060492	0	0.00056710775047259	0.00170132325141777	0.00056710775047259	0.000472589792060492	0	0	0	0.00122873345935728	0.000850661625708885	0.000850661625708885	0.000189035916824197	0.000472589792060492	0.000189035916824197	9.45179584120983e-05	0	0	0.259098	0.239437	0.199357	0.302108
42	0.00141776937618147	0.000756143667296786	0.000756143667296786	0.00056710775047259	0	0.000850661625708885	0.00113421550094518	0	0.000661625708884688	0	0	0.000189035916824197	0.00170132325141777	0	0.00056710775047259	9.45179584120983e-05	0.000283553875236295	0.000189035916824197	0.000189035916824197	0	9.45179584120983e-05	0.258342	0.238397	0.200964	0.302297
43	0.00132325141776938	0	0.000850661625708885	0.000850661625708885	0	0.000850661625708885	0.00151228733459357	0	0.000378071833648393	9.45179584120983e-05	0.000283553875236295	0	0.00151228733459357	0	9.45179584120983e-05	0.000283553875236295	0.000283553875236295	0.000189035916824197	0	0	0	0.246337	0.251725	0.211079	0.290859
44	0.00179584120982987	0	0.000756143667296786	0.000472589792060492	0	0.000283553875236295	0.00141776937618147	0	0.000756143667296786	0.000189035916824197	0	0	0.00113421550094518	0	0.000378071833648393	0.000472589792060492	0	0	0	0	0	0.242178	0.249929	0.207297	0.300596
45	0.00179584120982987	0	0.000661625708884688	0.00113421550094518	0	0.000661625708884688	0.00189035916824197	0	0.00056710775047259	0	0	0	0.00103969754253308	0	0.000378071833648393	0.000472589792060492	0	9.45179584120983e-05	9.45179584120983e-05	0	0	0.238869	0.248228	0.201153	0.31175
46	0.00170132325141777	0	0.000945179584120983	0	0	0.000283553875236295	0.00056710775047259	0	0.000756143667296786	9.45179584120983e-05	0	0	0.000850661625708885	0	0.000378071833648393	0.000378071833648393	0	0	0	0	0	0.231496	0.25267	0.199924	0.315909
47	0	0	0.000756143667296786	0	0	0.000189035916824197	0	0	9.45179584120983e-05	0.000283553875236295	0	9.45179584120983e-05	0	0	0.000661625708884688	0.000283553875236295	0	9.45179584120983e-05	0	0	9.45179584120983e-05	0.236695	0.260705	0.202098	0.300501
48	0	0	0.00103969754253308	0	0	0.000472589792060492	0	0	0.000283553875236295	0	0	0	0	0	0.000661625708884688	0	0	0.000378071833648393	0	0	0	0.242934	0.260327	0.192079	0.30466
49	0	0	0.00141776937618147	0	0	0.000283553875236295	0	0	0.000283553875236295	0	0	0	0	0	0.000378071833648393	0	0	0	0	0	0	0.256073	0.254277	0.192929	0.29672
50	0	0	0.000945179584120983	0	0	0.000661625708884688	0	0	0.000472589792060492	0	0	9.45179584120983e-05	0	0	0.000661625708884688	0	0	9.45179584120983e-05	0	0	9.45179584120983e-05	0	0	0	0
