AveExpr t P.Value adj.P.Val B
scaffold_182_153327_153902_+ 12.1628994451909 12.6058214520021 2.39301845161725e-08 0.00103679917434769 6.61272057013926
scaffold_40_709687_709851_- 10.244063011299 10.8831458414466 1.24909356724971e-07 0.00270591139473304 5.63397002744695
scaffold_4_2804474_2807513_- 12.2464491111617 10.2784725982517 2.35041881269915e-07 0.00278677939178297 5.3968291892023
scaffold_18_339393_339729_- 11.3185868058778 10.1942703134721 2.57284715116371e-07 0.00278677939178297 5.20348628353075
scaffold_20_953762_954713_- 11.6068816651373 9.93229042534821 3.42202554088553e-07 0.00295053738896573 5.21675338426472
scaffold_4_2370068_2370663_+ 12.7962709267638 9.57497915008215 5.09904329729023e-07 0.00295053738896573 5.08461522336156
scaffold_107_74856_75513_- 10.7110755776 9.46605396661706 5.77165798200031e-07 0.00295053738896573 4.7139884898152
scaffold_241_38542_39566_- 10.1965037639642 9.41820913842962 6.09663182487092e-07 0.00295053738896573 4.46946859629207
scaffold_25_421449_422999_- 10.3323131312662 9.41358323927562 6.12907642078464e-07 0.00295053738896573 4.59844888300299
scaffold_1_1985497_1985815_+ 11.3225091218876 9.12676830531583 8.55176033087876e-07 0.00370513568095653 4.53629189307009
scaffold_38_282087_284114_+ 10.9369853806563 8.70415811431855 1.41794378925153e-06 0.0046688669482778 4.11525264477988
scaffold_25_1177514_1178408_- 10.6964663026131 8.61816117653572 1.57514845245368e-06 0.0046688669482778 4.05032659569121
scaffold_1_3274884_3275496_- 9.88123380432652 8.60892327504297 1.59311338638647e-06 0.0046688669482778 3.90484313950074
scaffold_38_865901_866450_+ 10.1704740376472 8.537467344522 1.73970665719779e-06 0.0046688669482778 3.86494492509602
scaffold_7_1474887_1476022_- 9.85335891311059 8.50550358827887 1.8098941877666e-06 0.0046688669482778 3.81650391060666
scaffold_187_95661_96543_+ 10.3184187613448 8.46250284858912 1.90913444046159e-06 0.0046688669482778 3.97621394549407
scaffold_7_1618433_1618888_- 10.6897446686606 8.42598977083988 1.99797444440425e-06 0.0046688669482778 3.80562594085992
scaffold_4_3049055_3049963_- 10.4347359984878 8.41373638898056 2.028770742634e-06 0.0046688669482778 3.77051537923377
scaffold_104_349273_350077_+ 11.4023670173868 8.37286026689791 2.13523011373576e-06 0.0046688669482778 3.93799255155012
scaffold_8_1007080_1007432_- 11.2819994620512 8.36542596593325 2.15522639905729e-06 0.0046688669482778 4.0222568617806
scaffold_94_359567_360130_- 10.0772149902091 8.28353243302385 2.38924255418832e-06 0.00472406161250724 3.74464252522944
scaffold_63_379025_379198_+ 11.1721202778735 8.28038051374632 2.39877568838941e-06 0.00472406161250724 3.78484040298716
scaffold_51_57736_58069_- 9.2185043274737 8.17410710787611 2.74523411658741e-06 0.00517130492762027 3.60666735554084
scaffold_23_1335525_1335753_- 9.73545323172143 8.12519436222142 2.92233019314015e-06 0.00523233201921096 3.5054097493592
scaffold_36_968303_968908_- 9.2061886413858 8.09977166994352 3.01916402345645e-06 0.00523233201921096 3.38555492021921
scaffold_152_84220_85007_- 9.92882623573103 8.04162535339977 3.25376749546364e-06 0.00530880316249687 3.44916350798327
scaffold_3_2181819_2182172_- 12.5230204530318 7.98375422955702 3.50669681702413e-06 0.00530880316249687 3.88154624997536
scaffold_24_1139127_1139404_+ 10.1400620321263 7.95706322595036 3.63035530757253e-06 0.00530880316249687 3.45785494910753
scaffold_505_20038_20957_- 11.1302440884043 7.95000326543294 3.66383700845612e-06 0.00530880316249687 3.47881439229461
scaffold_5_61672_62339_+ 9.49294641508178 7.94746662916081 3.67594734974163e-06 0.00530880316249687 3.34669323346605
scaffold_5_2220526_2223109_+ 11.4211505101865 7.88931052545228 3.96565034807463e-06 0.00548550397491835 3.51040991956668
scaffold_3_1731806_1732506_+ 10.1929826220319 7.87294169644819 4.05151934629062e-06 0.00548550397491835 3.25602161792672
scaffold_1577_2000_2153_+ 11.2568946676407 7.82927460001909 4.29045162547041e-06 0.00559963404386818 3.472606403496
scaffold_4_2235029_2235849_+ 10.3553266123248 7.79102548499427 4.51211227911457e-06 0.00559963404386818 3.32451310153306
scaffold_70_606152_606414_+ 10.3323826575081 7.77217861567961 4.62580052718184e-06 0.00559963404386818 3.20281872539616
scaffold_675_14770_15293_+ 10.3311309859061 7.75557405515371 4.72849752381608e-06 0.00559963404386818 3.27551046810508
scaffold_83_528610_529502_- 11.4192295970874 7.74706976912411 4.78203525880817e-06 0.00559963404386818 3.39073931174366
scaffold_43_161133_162074_+ 10.4783684358546 7.70466475487425 5.05882012711642e-06 0.00576785370598542 3.12650663490234
scaffold_15_19134_19986_+ 8.94271825262872 7.67530635793101 5.26043446918465e-06 0.00584393804645882 3.04837077619652
scaffold_182_154032_155098_+ 10.2846065735159 7.62698818693325 5.6111496677354e-06 0.00600677455731222 3.20567677410683
scaffold_97_57250_57427_+ 10.5776905942955 7.61731740921209 5.68429480796291e-06 0.00600677455731222 3.40636743220355
scaffold_69_643230_643535_- 10.3253373929228 7.59931306174036 5.82319445014034e-06 0.00600704101778049 3.25127419187936
scaffold_44_42006_42440_+ 9.05150350169275 7.53959280905034 6.31044746576549e-06 0.00605271128910037 2.88399905051398
scaffold_4_2366338_2367285_+ 11.7122547797558 7.53698588034704 6.33268417464545e-06 0.00605271128910037 3.29544478690792
scaffold_115_212918_213301_+ 12.1122073624372 7.52133488547729 6.46795370395912e-06 0.00605271128910037 3.44736891767562
scaffold_30_429654_430725_- 11.6262818733386 7.5159822345057 6.51492033115592e-06 0.00605271128910037 3.22533888967001
scaffold_25_671466_671814_- 9.93062248112785 7.51021016436829 6.56597494778465e-06 0.00605271128910037 3.00988722864472
scaffold_1_2364079_2364582_+ 9.78768232151487 7.46298586648101 7.00005637106219e-06 0.00631842588193001 2.93694448432267
scaffold_111_33869_34224_+ 8.57846399871377 7.43975847715468 7.22469459592395e-06 0.00634981995249983 2.78538659333192
scaffold_143_83277_84354_+ 10.3253056503356 7.4279921374502 7.34141131167985e-06 0.00634981995249983 2.91907942667386
scaffold_37_993365_993765_- 10.9037661506418 7.41481481876313 7.47451455425128e-06 0.00634981995249983 3.14774794470774
scaffold_1_1000289_1001526_+ 9.94148489980886 7.39756360655313 7.65266887536785e-06 0.00637614484027284 2.90536583525725
scaffold_8_1574602_1575015_- 10.0015953842476 7.37825219963217 7.85748201370678e-06 0.00642326916463887 2.98285690760543
scaffold_32_35276_35820_- 9.45002086602751 7.36043466517045 8.05163812859408e-06 0.00643397066530383 2.80499532495635
scaffold_3_1714180_1715081_+ 8.72690302745283 7.34900287562811 8.17889726411868e-06 0.00643397066530383 2.71817001085809
scaffold_8_1453331_1453807_- 8.66255803629753 7.33689027654223 8.31607711898201e-06 0.00643397066530383 2.64581494289015
scaffold_3_466366_466648_- 11.7834615206032 7.27369394637377 9.07268762952929e-06 0.00677517598835577 3.17323333943048
scaffold_17_1054571_1055277_+ 9.50341086507157 7.2735204040731 9.07486358516508e-06 0.00677517598835577 2.74809849321958
scaffold_1_2794885_2795524_- 9.59079682685635 7.26155627963133 9.2262240528318e-06 0.00677517598835577 2.72594211645441
scaffold_211_113313_113872_- 10.2016729214832 7.24783919125193 9.40307743914745e-06 0.00678996221880837 2.78477945523306
scaffold_15_375357_375843_+ 8.73280488930972 7.18794000539456 1.02187625225107e-05 0.00722888863813494 2.56554215105199
scaffold_11_1049426_1050088_+ 9.89755851585754 7.17915307069807 1.03446220644501e-05 0.00722888863813494 2.75232684439711
scaffold_5_2474681_2475168_- 10.6291589719497 7.14294200280661 1.08809769034349e-05 0.00737659612324853 2.75623732392134
scaffold_58_468075_468360_- 9.78832320051073 7.14192188619769 1.08965090681786e-05 0.00737659612324853 2.691462351723
scaffold_12_882152_883048_+ 10.0963522328843 7.11415272059816 1.13285160003325e-05 0.00755106591123699 2.62272228990225
scaffold_505_22498_23120_+ 8.88068334942095 7.09064400243134 1.17084988435121e-05 0.00768609728627278 2.49681504318324
scaffold_1_262517_263282_- 8.60646565491185 7.07703874571746 1.1934585846562e-05 0.00769741821295547 2.51027890499376
scaffold_2_2082417_2082692_- 8.70766120416453 7.06836941608276 1.2081069992175e-05 0.00769741821295547 2.46089249795668
scaffold_11_1577934_1578255_- 9.96457466736124 7.00295076523002 1.32500917058216e-05 0.00831990540936852 2.66989292345205
scaffold_43_742217_742917_- 8.41800301492978 6.93665813521966 1.45583359793839e-05 0.00892620523370519 2.3129252550132
scaffold_143_210041_211059_+ 9.90849163311421 6.93332124224785 1.46277194200496e-05 0.00892620523370519 2.53906127242112
scaffold_51_64307_65486_+ 10.1443419602601 6.90766703239964 1.51730349132514e-05 0.00913037375904902 2.41035438292271
scaffold_48_43600_45067_+ 8.76880505503075 6.89411817253119 1.54697229883368e-05 0.00914781290510898 2.3059225352411
scaffold_3_2891926_2892259_+ 8.52857708947212 6.86257793108563 1.61845410285233e-05 0.00914781290510898 2.24240896864967
scaffold_24_557143_558207_- 9.77137255006436 6.85556761752284 1.63481419576152e-05 0.00914781290510898 2.31515568895039
scaffold_15_1441601_1441928_- 8.76049368840982 6.84563674532007 1.65829169994709e-05 0.00914781290510898 2.24046200150495
scaffold_25_816038_816616_- 9.68720469152499 6.84362852077601 1.66308275814343e-05 0.00914781290510898 2.37862892118609
scaffold_62_508856_510613_+ 10.5881319234069 6.84218646291178 1.66653217931238e-05 0.00914781290510898 2.4860490249874
scaffold_2_1465538_1465921_- 8.75284094604383 6.84157423451239 1.66799893713615e-05 0.00914781290510898 2.21870327468167
scaffold_49_730664_730860_- 8.43552951522841 6.82380595597351 1.71117117279584e-05 0.00926727527906908 2.18176732055338
scaffold_75_10985_11414_+ 8.41374194630143 6.80415299533747 1.76030998785931e-05 0.00941570253506083 2.21959360908959
scaffold_87_167469_168805_+ 9.27902391575965 6.79431347388451 1.78547351586178e-05 0.00943383238393018 2.23355415589847
scaffold_25_1063752_1064202_+ 9.17949238798064 6.73074297077004 1.95754667937813e-05 0.0102183936663538 2.12941265230304
scaffold_65_202607_205843_+ 9.73352523423488 6.72013885874511 1.98792538232526e-05 0.0102534351326934 2.168300297743
scaffold_95_230125_230376_- 10.5890595901821 6.6980040594543 2.05296314218228e-05 0.0104643154233164 2.35901253919398
scaffold_39_606366_608030_+ 9.48543784911727 6.67862482541545 2.11176131594641e-05 0.0105204669616559 2.26816305587774
scaffold_86_318044_318373_- 8.83357581584193 6.67471350911011 2.12384408897651e-05 0.0105204669616559 2.2730968022528
scaffold_5_1022564_1022875_+ 9.93000913974698 6.67044980628439 2.13709915701153e-05 0.0105204669616559 2.28033368947827
scaffold_129_52392_52786_+ 11.6347077533129 6.66279809205267 2.16110778651935e-05 0.0105204669616559 2.43064286175324
scaffold_15_18830_19229_- 8.33479133462409 6.62832382771216 2.27288551593993e-05 0.0109416708737348 1.98097912481023
scaffold_46_49177_49814_- 8.1692482202257 6.61825576185938 2.3066762889365e-05 0.0109823139444465 1.90654520397767
scaffold_90_468748_469791_+ 9.44272224996547 6.60671578037161 2.34606447626682e-05 0.0110264259821985 2.05390121434067
scaffold_1_560604_561920_+ 11.971342621185 6.60071120255496 2.36684119545875e-05 0.0110264259821985 2.42453580405346
scaffold_3_1770257_1770560_+ 8.08850307359481 6.58463030843834 2.42345161525963e-05 0.0111337521109274 1.91362333320946
scaffold_220_73953_75332_+ 11.0945108614378 6.57965002672548 2.44127417841043e-05 0.0111337521109274 2.25062186445776
scaffold_65_156469_157117_+ 8.13472807704125 6.5521521040673 2.54221685692925e-05 0.0114733424524288 1.85770757279186
scaffold_48_133357_134107_- 7.84238210678926 6.52830276040709 2.63335568178904e-05 0.0115696827045733 1.89080727054235
scaffold_13_839489_840068_+ 8.43213021648361 6.52748866042807 2.63652728253233e-05 0.0115696827045733 1.9006298335162
scaffold_17_1160187_1160846_+ 8.29540774277365 6.52565778379768 2.64367490133581e-05 0.0115696827045733 1.90644370359215
scaffold_25_1055787_1058072_+ 9.45555108472498 6.50712869449675 2.71717948973463e-05 0.0116663441375448 1.99462133961792
scaffold_61_233261_233938_+ 9.03827416520837 6.48885984537543 2.79177853973122e-05 0.0116663441375448 1.95246596903441
scaffold_4175_403_689_+ 8.26636092381399 6.48818746597419 2.79456526799711e-05 0.0116663441375448 1.87884085337081
scaffold_35_377770_378149_- 9.43211775918785 6.48154277218518 2.82226397734457e-05 0.0116663441375448 1.92555284897719
scaffold_10_1391080_1392257_- 8.72355109712386 6.47772477138376 2.83831115019031e-05 0.0116663441375448 1.96861586115126
scaffold_7_575860_576331_+ 12.0032848099303 6.47530449227784 2.84853377603571e-05 0.0116663441375448 2.31165187855104
scaffold_12_1517356_1519655_+ 9.7765748939035 6.47310443397423 2.85786014789997e-05 0.0116663441375448 2.01353954345066
scaffold_42_775150_775359_+ 8.14957546528859 6.46738683491473 2.88224974038714e-05 0.0116663441375448 1.80788829992104
scaffold_155_211572_212202_- 9.4232589394886 6.46020008363751 2.91321999220053e-05 0.0116663441375448 2.04187866600572
scaffold_73_560098_560461_- 9.51480120191247 6.44987058348241 2.95835339739855e-05 0.0116663441375448 1.9578692949449
scaffold_2_799809_800675_- 9.26036401157305 6.44905286938922 2.96195784316561e-05 0.0116663441375448 1.88181779202061
scaffold_11_43681_44289_+ 9.09730766043165 6.43617276250271 3.01935163160851e-05 0.0117852638550514 1.96623280312363
scaffold_61_460645_461323_- 8.08728680757256 6.42443412922554 3.07268716748586e-05 0.0118863610909368 1.72479085857644
scaffold_29_974238_975030_+ 7.89566626072717 6.40543901232488 3.16112118157144e-05 0.0121202421515721 1.68799053478819
scaffold_15_265984_266312_- 10.6862698963262 6.38765627601911 3.24636006047722e-05 0.0122037667877011 1.98545450158411
scaffold_14_1305317_1305377_- 11.194108543877 6.38721932889808 3.24848493756489e-05 0.0122037667877011 2.09535431590515
scaffold_2_2520430_2521200_+ 7.20664935552893 6.38334153459082 3.26740743981289e-05 0.0122037667877011 1.68668215170681
scaffold_3_3490003_3490455_- 9.18627471498 6.37264456613373 3.32021403089564e-05 0.0122950079574859 1.80851895625296
scaffold_29_942849_943693_+ 9.45430423343076 6.35860868517568 3.39088026302959e-05 0.0124502778200017 1.73863317314139
scaffold_25_741918_742040_- 7.01341681314962 6.3300966840384 3.53938609772825e-05 0.0128740955302033 1.77391223371862
scaffold_1_3780254_3780649_+ 8.50930529110958 6.32517010716541 3.56573757933896e-05 0.0128740955302033 1.78358427880241
scaffold_3_2665020_2665773_- 7.3933179501984 6.31552189485176 3.61794874180904e-05 0.0129546485279023 1.56680431149597
scaffold_88_309437_310641_+ 11.3851101141979 6.30307318009775 3.68651515776295e-05 0.0130919635840359 1.97347563623275
scaffold_100_116966_117492_+ 10.24998519019 6.296056552919 3.72576793379017e-05 0.0131237903658043 1.82670248457569
scaffold_10_1085621_1086993_- 8.26716466059432 6.28837216368699 3.76926510892274e-05 0.0131637156098004 1.60431498985229
scaffold_136_255375_255877_- 9.03023619200339 6.28195680560465 3.80599122267643e-05 0.0131637156098004 1.70961804233933
scaffold_100_289625_289937_- 10.1574454845745 6.27810024347994 3.82825131984224e-05 0.0131637156098004 1.79834628208273
scaffold_958_4146_5529_+ 14.3918282455471 6.25737758922134 3.9502487282557e-05 0.0133979436106319 2.09287137218538
scaffold_21_1381637_1381910_- 8.07753162563115 6.2552174545911 3.96320084293175e-05 0.0133979436106319 1.54179225973535
scaffold_1_562332_563168_+ 10.2619489554602 6.25091379079333 3.9891398369836e-05 0.0133979436106319 1.91512223337521
scaffold_4_1298938_1299113_- 8.47253814367444 6.22158914526288 4.17074440505394e-05 0.0139001286225667 1.63539920472985
scaffold_1_3773641_3773902_+ 8.53355087234812 6.20977893268429 4.24634002714075e-05 0.013980262615348 1.59585575250337
scaffold_87_476928_477670_+ 8.92007165192219 6.2027357291431 4.2921124622527e-05 0.013980262615348 1.51896157125694
scaffold_58_313560_313893_- 8.32301510140748 6.20149603908337 4.30022292134488e-05 0.013980262615348 1.54352645623582
scaffold_63_682081_682634_- 8.04826694783428 6.19660712826741 4.33236638048017e-05 0.013980262615348 1.60654295246318
scaffold_4_1294866_1295787_+ 9.60800157772554 6.19228048776256 4.36102535381739e-05 0.013980262615348 1.64470823033946
scaffold_17_392265_392739_- 8.57542734122329 6.18817662480337 4.38839430292972e-05 0.013980262615348 1.53462453143206
scaffold_14_1287314_1288030_- 10.579212417063 6.18328878098455 4.42122925493339e-05 0.0139820568393609 1.87142277989541
scaffold_10_881431_881933_+ 10.2233600180429 6.16963710069206 4.51432266028019e-05 0.0141730104042971 1.64138197958291
scaffold_53_463518_463877_- 8.78952666560563 6.15869093451849 4.59046582119126e-05 0.0143083828898513 1.59336195342503
scaffold_13_1396965_1397708_+ 7.86114983463794 6.15338120236881 4.62788991118079e-05 0.0143219970208442 1.53336229720825
scaffold_61_330584_331141_- 8.16030516274386 6.12686667723833 4.81966600205851e-05 0.0148097056173892 1.50821063025425
scaffold_109_346989_347546_- 11.8634021064491 6.12196519394131 4.85603014116976e-05 0.0148163635138254 1.79878094427182
scaffold_22_229684_230487_- 9.41079493503099 6.08773830116275 5.11819698640143e-05 0.0154166088535723 1.5440665458063
scaffold_64_575510_576293_+ 8.5163067493824 6.08366577135078 5.15037450279254e-05 0.0154166088535723 1.47019940328715
scaffold_12_293766_294157_+ 8.2385190023196 6.08026188124072 5.17743329507246e-05 0.0154166088535723 1.42956504621245
scaffold_4_2918481_2918653_- 8.07371919436488 6.07805081616046 5.19509045981987e-05 0.0154166088535723 1.42585940423944
scaffold_77_135848_136731_- 10.0391098281133 6.07361570833521 5.23070085402735e-05 0.015416690149768 1.64715511604831
scaffold_69_409855_411322_+ 9.60952834660133 6.05696746352229 5.36669518943915e-05 0.0157011133916671 1.4961319475866
scaffold_42_861547_861831_- 9.30944350521075 6.05299662155694 5.39968124303744e-05 0.0157011133916671 1.44692106891949
scaffold_120_315335_317058_+ 8.09101074467668 6.0461671420212 5.45691703508081e-05 0.0157617591641274 1.3344725607898
scaffold_70_25303_25881_- 7.55344201372311 6.01354100615424 5.73934429765503e-05 0.0163535900811986 1.32353377762332
scaffold_182_29856_30111_- 9.30642412667351 6.00459267795111 5.81947868184136e-05 0.0163535900811986 1.52520218904535
scaffold_23_663733_663967_- 8.54440485594391 5.99794037472997 5.87981824819578e-05 0.0163535900811986 1.36827031711351
scaffold_8_2000453_2001090_- 9.06926010193596 5.9959223853775 5.89825293538391e-05 0.0163535900811986 1.49303433706818
scaffold_238_23773_25009_+ 10.2026698616268 5.99527963614474 5.90413739242347e-05 0.0163535900811986 1.61715386546746
scaffold_67_599009_599049_- 8.07843475121246 5.99131806796423 5.94054345176e-05 0.0163535900811986 1.34744180795843
scaffold_120_155815_156353_- 7.48299433248854 5.99075483830331 5.94573867432302e-05 0.0163535900811986 1.20832249216211
scaffold_70_34929_35963_+ 8.84880909730309 5.98880298136757 5.96377979234035e-05 0.0163535900811986 1.36327469405741
scaffold_15_353013_353115_+ 8.93968885369778 5.96013756380924 6.23551034014382e-05 0.0169172890553943 1.40343950674959
scaffold_1_2078677_2079439_- 8.02317584026711 5.95890943106212 6.24744091045352e-05 0.0169172890553943 1.20966387890803
scaffold_262_32426_33264_+ 9.53431495625527 5.94676764571886 6.36669845729765e-05 0.0171331414509862 1.37587073761474
scaffold_3_1280688_1281147_- 8.00269420787854 5.93454093842909 6.48922544095636e-05 0.0172530045427742 1.22175395973365
scaffold_60_437583_437860_- 7.58529982896556 5.93437726429918 6.49088247350828e-05 0.0172530045427742 1.19211250861741
scaffold_32_382549_383112_+ 7.50774820886936 5.91729330833434 6.66632463240912e-05 0.0175122761592282 1.14991696460987
scaffold_8_1560431_1560814_- 9.16805936544785 5.91701109278711 6.66926456694053e-05 0.0175122761592282 1.30344350682098
scaffold_66_489250_491150_+ 9.95903290586954 5.91115305500061 6.73060024831366e-05 0.0175668666480987 1.41141248439357
scaffold_87_274922_275472_- 8.7225221872231 5.90719760336564 6.77235226068506e-05 0.0175699960506851 1.18828403628065
scaffold_1_2863641_2864775_+ 7.59729982508062 5.87372964931513 7.13677812212971e-05 0.0183993400220995 1.13273143639901
scaffold_25_535748_537708_- 8.10976834580479 5.86654385359291 7.21769219239615e-05 0.0183993400220995 1.19084953244013
scaffold_87_269688_270276_+ 8.23453252273827 5.86639095480714 7.21942437279442e-05 0.0183993400220995 1.19185677561811
scaffold_25_814145_814933_- 8.93319835035868 5.85707376562334 7.32581167328982e-05 0.018474097880958 1.23290664393288
scaffold_2_3543380_3544004_- 10.1590009272297 5.85635937858142 7.33403691899732e-05 0.018474097880958 1.33114774433043
scaffold_15_855849_856157_+ 8.88398221528391 5.81604002979156 7.81445153449375e-05 0.0195704582186981 1.07130694639585
scaffold_2_1694985_1695402_- 8.04274984811684 5.81067801292954 7.88080365294273e-05 0.0196232010958274 1.11666716728064
scaffold_4_2827167_2827641_+ 7.8788267208289 5.80404316654869 7.96373116131058e-05 0.0197163780739967 1.1236732610874
scaffold_11_598711_599260_+ 8.01837870100555 5.78696091930702 8.1815084511766e-05 0.020096113675084 1.08545810712792
scaffold_19_598585_599649_- 10.606604836785 5.78477099138395 8.20987887293974e-05 0.020096113675084 1.30501156841049
scaffold_3_464316_464822_- 9.72617588468644 5.7778053633928 8.30081115801717e-05 0.0202045474287782 1.35344866394824
scaffold_41_217135_218040_- 7.45340783419052 5.76207051763063 8.51015813933832e-05 0.0205983861198309 1.02914178215435
scaffold_8_2176096_2176658_- 7.81358457753185 5.75057706100725 8.66659433563803e-05 0.0208604925658807 1.06117948165625
scaffold_43_992900_993253_- 8.48590819018713 5.7440486240059 8.75680170267732e-05 0.0208729235152948 1.0753846474338
scaffold_15_1183606_1184715_- 7.87854379819643 5.73205192733743 8.92516161318732e-05 0.0208729235152948 0.97338749414412
scaffold_23_1182932_1183828_+ 7.80398733310334 5.73173906580231 8.9295977210241e-05 0.0208729235152948 1.01507326643398
scaffold_61_668728_669625_- 9.98137933569908 5.72927067954006 8.9646790485827e-05 0.0208729235152948 1.1872031325383
scaffold_74_469474_470422_+ 7.52260233621683 5.72631377091285 9.00689500450739e-05 0.0208729235152948 0.9416105250858
scaffold_43_198361_199298_- 8.36984352323909 5.72561729845039 9.01686908559879e-05 0.0208729235152948 1.00946830732785
scaffold_29_87047_87638_- 7.12992808208983 5.72258097582856 9.06048822718183e-05 0.0208729235152948 0.943526299532449
scaffold_13_1060845_1061328_- 8.35412636402127 5.72051501134208 9.09029471358088e-05 0.0208729235152948 0.974489935872374
scaffold_43_581059_583248_- 8.54024217763132 5.71947442955664 9.10534677650997e-05 0.0208729235152948 1.1375159689607
scaffold_10851_2_1112_+ 8.95978336663831 5.71079417550702 9.23193679045084e-05 0.0210517312306881 1.14511549925861
scaffold_19_1149494_1149827_- 9.56436683257464 5.7033967182874 9.3412850091001e-05 0.0211895557227367 1.14522122564371
scaffold_81_445607_446322_+ 7.75806868076303 5.69639709895765 9.4460116072356e-05 0.0213155155674526 0.984617237001482
scaffold_70_61848_62511_+ 8.06677746754633 5.6698317075264 9.85488982310289e-05 0.0221229511127335 0.945418779950919
scaffold_3_183494_184644_- 8.25263753039063 5.66320930413475 9.95969822642139e-05 0.0222429837813368 1.03935288664187
scaffold_142_204257_204442_- 9.69409790844824 5.65470245408636 0.000100960590282132 0.0223511691424328 1.0653056165458
scaffold_11_1888632_1888812_+ 9.43286135270176 5.65375814365292 0.000101113168811264 0.0223511691424328 1.04787021265004
scaffold_79_425549_426301_- 7.71202411984241 5.64676567613924 0.000102250585837803 0.0224878623452216 0.905402086636009
scaffold_83_142194_142742_+ 9.80059037899691 5.64203573825998 0.000103027619882704 0.0225443164597881 1.08806696511521
scaffold_299_59931_60161_- 7.65078650208658 5.63382049265579 0.000104392061303832 0.0226828630476953 0.969546276083345
scaffold_107_73491_73581_- 8.59141516797679 5.62895167611478 0.0001052096899203 0.0226828630476953 1.05684618973857
scaffold_25_898647_899039_+ 7.02457735877649 5.62760543189618 0.000105436957029513 0.0226828630476953 0.841398838775213
scaffold_15_1016365_1016771_+ 7.39716041892237 5.62417732810426 0.000106018015786223 0.0226828630476953 0.840361933304455
scaffold_18_1288994_1289441_+ 9.56943282930961 5.61768437255876 0.000107127838363976 0.0226828630476953 1.0492521793652
scaffold_20_1028439_1029047_+ 7.67098092001807 5.6167561043995 0.000107287502961513 0.0226828630476953 0.933462909093367
scaffold_5_939388_939768_- 8.17905150543521 5.61489831521907 0.000107607801862903 0.0226828630476953 0.902240465454561
scaffold_1_2466579_2466693_- 8.72706108370097 5.61350263411722 0.000107849092642414 0.0226828630476953 0.91950579327939
scaffold_19_624289_624396_+ 8.80431192982241 5.60703467711495 0.000108974770679726 0.0226947709687945 0.982117377280093
scaffold_11_1399579_1400131_+ 8.95467830741817 5.60287568047505 0.000109705138778928 0.0226947709687945 1.087639378066
scaffold_25_370743_371356_- 8.51727303631342 5.60158066076575 0.00010993361174073 0.0226947709687945 0.94168301839319
scaffold_24_1295645_1296113_+ 12.3123623053306 5.60119942152278 0.000110000967166294 0.0226947709687945 1.23751703875477
scaffold_72_423475_423740_+ 7.18698579136094 5.5930613756107 0.000111449182975622 0.0228845843677811 0.779835726578304
scaffold_79_359628_359749_+ 8.31880482903208 5.58839047707959 0.000112289466875111 0.0229483652916559 0.956421686689091
scaffold_107_184368_185545_+ 8.21815209705326 5.58326702206838 0.000113218851765364 0.023029671228104 0.870391415636977
scaffold_51_840431_840874_+ 9.01691398031114 5.54845828310936 0.000119751742014261 0.0242446914696724 0.92912106312662
scaffold_13_507362_507949_+ 8.10040411234942 5.53972741258073 0.000121451895873542 0.0243373520684302 0.811843636939686
scaffold_10_1904540_1904945_- 7.22540971174315 5.53694416678018 0.000121999207007147 0.0243373520684302 0.966317652958772
scaffold_3_2092211_2093191_+ 7.74033302880099 5.53635823327657 0.000122114758698893 0.0243373520684302 0.803185037434301
scaffold_5_1528349_1529364_+ 8.00384925565771 5.53462964533602 0.000122456325322388 0.0243373520684302 0.858072189145926
scaffold_45_26284_27382_+ 7.84171159789277 5.52110416948164 0.000125163951582649 0.024761887517214 0.752269207318125
scaffold_42_767033_767803_+ 8.67808320831023 5.51757608204689 0.000125880553643546 0.0247904584870921 0.824301478448002
scaffold_21_1143237_1143690_- 9.28553652050463 5.50606566892078 0.000128248685076338 0.0250419095181895 0.884172451899758
scaffold_11_1215859_1218086_+ 8.35726311717464 5.50575454319547 0.000128313343328211 0.0250419095181895 0.761845100832236
scaffold_8_1963281_1963699_- 8.0472971738953 5.49451682538852 0.00013067194416672 0.0253396184573486 0.728222182182073
scaffold_138_306155_306304_+ 9.73963418309881 5.49293069374011 0.000131008506080554 0.0253396184573486 0.886167381018164
scaffold_11_1807211_1808061_+ 7.88227597745433 5.48615924985807 0.000132455645681989 0.0254069252234436 0.707347144238091
scaffold_8_2127407_2128462_+ 7.04542506572876 5.48581662453366 0.000132529314972493 0.0254069252234436 0.660094371941877
scaffold_6_1142879_1143200_+ 8.00939920831077 5.47482874988548 0.000134914896405917 0.0255774668895929 0.966243561216284
scaffold_2_3569577_3570137_+ 7.65052155973046 5.47303980046856 0.000135307557766804 0.0255774668895929 0.682508570928417
scaffold_13_709057_709434_- 7.80906002060398 5.46947594136012 0.00013609339065428 0.0255774668895929 0.724265077447414
scaffold_23_321341_321539_+ 10.3610818733715 5.46907403344372 0.000136182312698298 0.0255774668895929 0.937015919742064
scaffold_1_1581013_1581632_- 7.31775384240447 5.46822369524251 0.000136370651606333 0.0255774668895929 0.667907181383913
scaffold_24_1137048_1137947_- 6.910070914352 5.46176594450516 0.000137809942961453 0.0257360068480513 0.631252769583305
scaffold_132_44512_45286_- 8.40698172397683 5.45232488916554 0.000139943006044578 0.0260221917591734 0.751629594405388
scaffold_13_234230_234372_+ 10.0585432130512 5.44642416753985 0.000141293817114653 0.0261610936765362 0.929873625358711
scaffold_25_1112150_1113141_+ 7.95702122343838 5.4288256520545 0.000145404674690953 0.0268076720666392 0.70907520720109
scaffold_1_1868001_1868471_- 9.03478749925173 5.42574828116644 0.000146136363115187 0.0268284070691889 0.77232893227442
scaffold_3_3369234_3369838_- 8.57500370250355 5.41882575211352 0.000147796495764371 0.0270186960991019 0.6877532444173
scaffold_19_1112303_1112567_+ 10.8898742228548 5.41386571670077 0.000148998192827761 0.0271239315229226 0.943033097037631
scaffold_3_310620_310900_- 7.24591151368033 5.40862301606391 0.000150279560625727 0.0272067971307183 0.569089639168719
scaffold_23_386473_386589_+ 8.96092297969044 5.40687525612892 0.00015070930414468 0.0272067971307183 0.811880785686398
scaffold_8_400532_401915_- 7.80122589110078 5.40180252466355 0.000151963941106561 0.0273194593874807 0.58701171247677
scaffold_58_379643_380024_- 8.09070517828655 5.39772079580829 0.000152981454146296 0.0273887375303406 0.722328293999797
scaffold_3_3654875_3655425_- 10.7947720308636 5.39070368374933 0.000154747509157184 0.0275909077438031 0.892730122797238
scaffold_61_455857_456518_- 8.42639589890369 5.38037623910638 0.000157385831739049 0.0279463055160902 0.590764171677113
scaffold_210_91231_91579_+ 8.39364544460266 5.36054191699585 0.000162586481883513 0.028751926179939 0.62141236273043
scaffold_61_713327_714869_+ 8.3928011148347 5.35505334641705 0.000164057327503691 0.0288940966318085 0.599410143320937
scaffold_107_64964_66871_- 6.96259838996408 5.34338259538274 0.000167231620622674 0.029203123860063 0.586343536052838
scaffold_174_100829_102336_+ 8.28173232498621 5.34150019209562 0.000167749631078639 0.029203123860063 0.604007079772153
scaffold_15_858780_859542_+ 9.53859522391199 5.34094846175526 0.00016790177902433 0.029203123860063 0.660635373174835
scaffold_62_735076_735297_- 8.32520176180029 5.33875506796068 0.000168508077482707 0.029203123860063 0.6731334939995
scaffold_6_524517_524696_- 8.15411182199601 5.33098138638282 0.000170675490837488 0.0293307761959262 0.568050628497783
scaffold_1_2635698_2636182_- 7.67875035742202 5.32981642642906 0.00017100281626438 0.0293307761959262 0.507441606267303
scaffold_1714_3364_3805_- 9.46176137333957 5.32712040851771 0.000171762866449475 0.0293307761959262 0.664609153341459
scaffold_106_236775_236897_- 10.0428758438657 5.32551486975269 0.000172217180530457 0.0293307761959262 0.714316657652878
scaffold_7_174702_176414_+ 6.88015459712883 5.32406141075476 0.000172629551076979 0.0293307761959262 0.453090580942611
scaffold_13_359461_359637_- 8.54763452755282 5.31336251166099 0.000175697146571558 0.0297353694232786 0.648532839142167
scaffold_60_73021_73635_- 8.4384780925044 5.30180513732039 0.000179075384837791 0.0301835513469376 0.593197076888483
scaffold_67_328545_328622_+ 7.48716382171369 5.29956300092603 0.00017973863840442 0.0301835513469376 0.474215033833287
scaffold_47_444076_444480_- 7.92660254890164 5.29258419416758 0.000181819643853844 0.0302077983149098 0.616011869183771
scaffold_8_2032400_2032564_+ 9.10049164416733 5.29208161636865 0.000181970481750248 0.0302077983149098 0.608654042115762
scaffold_5_2410997_2411756_- 7.81214680091252 5.29195069813785 0.000182009795631775 0.0302077983149098 0.433928632601354
scaffold_5_1959684_1960410_+ 9.14298814246977 5.28975026367088 0.000182671909673322 0.0302077983149098 0.543745597525682
scaffold_11_1968394_1968956_- 9.27615165007693 5.28491478124984 0.000184135826214041 0.0303341019260438 0.565211148160441
scaffold_15_1056495_1056995_+ 7.13910655511772 5.2770217457092 0.000186551957803793 0.0305081369103231 0.492949652027389
scaffold_74_245553_245894_- 7.51110332669701 5.27686404505659 0.000186600569663381 0.0305081369103231 0.417922079312129
scaffold_2_1076690_1077826_+ 8.73946056017637 5.27184736754005 0.000188153950657715 0.0306464588954743 0.586602688640405
scaffold_6_53717_54172_+ 7.78288983628305 5.26761567106596 0.000189474835797164 0.0307460177368836 0.459163244414499
scaffold_73_366953_368102_+ 8.87122627376727 5.26237888672939 0.000191122957242846 0.0308977359906848 0.588290326226426
scaffold_299_32918_33028_- 6.6720249850384 5.25926427975999 0.000192110326596162 0.0309419033832912 0.421253566676067
scaffold_6_1971948_1972966_- 7.19403545614627 5.25355177163961 0.000193935222388777 0.0310861604734693 0.371040490302383
scaffold_8_265613_265957_- 6.93347123907779 5.25070734473147 0.000194850677725399 0.0310861604734693 0.419004462792766
scaffold_2_3351899_3352384_+ 7.53941943561078 5.24975416772966 0.000195158464865985 0.0310861604734693 0.438433524991956
scaffold_97_299120_299554_- 8.09532186294156 5.24634508225624 0.000196263469168056 0.0311476595793964 0.431755908717156
scaffold_93_308613_308902_- 9.57826806445331 5.24202921363675 0.00019767183246285 0.0311571052533178 0.551903553241396
scaffold_17_421926_422436_+ 7.27191232801599 5.23867793353688 0.000198772752463039 0.0311571052533178 0.338240293167794
scaffold_72_549903_550135_- 7.43791050389982 5.23345351844083 0.000200501880280044 0.0311571052533178 0.362920802573501
scaffold_45_110531_110739_+ 7.62967578380755 5.2306471288567 0.000201437231204528 0.0311571052533178 0.396540882286319
scaffold_8_1559586_1560058_- 7.59309131949653 5.22719860370985 0.000202592883808786 0.0311571052533178 0.364143518558571
scaffold_123_108608_108757_+ 7.55120806161454 5.22686942462678 0.000202703560285572 0.0311571052533178 0.40320908112028
scaffold_35_339235_339871_+ 6.68666160026976 5.22564343406288 0.000203116321605539 0.0311571052533178 0.350877683455991
scaffold_2_1798463_1798747_- 10.1951820495196 5.22459652991437 0.000203469487860301 0.0311571052533178 0.666474736657629
scaffold_8_1285871_1286348_- 7.96001634681989 5.22417122621436 0.000203613145508209 0.0311571052533178 0.510882654998538
scaffold_211_86097_86285_+ 10.1418157792529 5.22367922025243 0.000203779466574037 0.0311571052533178 0.683199016385814
scaffold_36_524716_524781_+ 4.20459589448384 5.22215469542166 0.000204295734363437 0.0311571052533178 0.718798398437565
scaffold_96_117792_117987_+ 10.2225582246234 5.21978729636718 0.00020510016005825 0.0311571052533178 0.565585672381973
scaffold_44_324807_325084_- 7.77281881384615 5.21811119065202 0.000205671700652008 0.0311571052533178 0.501078521098316
scaffold_6_2348928_2349789_+ 8.22875306462828 5.21398641611439 0.000207085357595992 0.0312619519275399 0.509983605180683
scaffold_100_361070_361409_+ 6.71592680851319 5.21104964918848 0.000208098075060062 0.0312637713741357 0.315109378939249
scaffold_9_51048_51121_- 7.45574063528736 5.20977109410834 0.000208540597496312 0.0312637713741357 0.440019515410522
scaffold_188_154025_154699_- 8.48031619681067 5.20545565246366 0.000210041534114784 0.0313061180536347 0.397073616999925
scaffold_62_600508_600968_- 8.6297267884222 5.20333378038929 0.000210783691380719 0.0313061180536347 0.526238770466913
scaffold_6_1149810_1149888_+ 6.55395716171934 5.20274310596406 0.000210990778554709 0.0313061180536347 0.35338737646891
scaffold_16_924867_926637_- 6.95706813772492 5.19002166398146 0.000215503097066718 0.0318665091587461 0.267532920370773
scaffold_29_839865_840454_+ 6.84903522521296 5.18705103291063 0.000216571310975134 0.031915539521458 0.309202349444185
scaffold_10_882164_883140_+ 9.69184148730721 5.18260766237789 0.000218179500963391 0.0320435425719996 0.541552242286063
scaffold_7384_1434_1572_+ 7.65366462639123 5.17849734328494 0.000219678317587869 0.0321546715804459 0.312306595055398
scaffold_6_1643203_1644004_- 7.62993107742087 5.17630218280943 0.000220483202381043 0.0321638223109801 0.35776879214266
scaffold_129_259433_260124_- 8.03212639669252 5.15450836420682 0.000228644239027337 0.0331474485280944 0.354206112174463
scaffold_5_851864_852234_+ 8.08675095106593 5.15169983185473 0.000229718780462643 0.0331474485280944 0.368885676911694
scaffold_14_1518072_1518745_+ 7.74811942873111 5.14901308097234 0.000230751690828724 0.0331474485280944 0.300195058195897
scaffold_33_894499_894669_- 7.08062595777714 5.14805418588971 0.000231121513683035 0.0331474485280944 0.214917055952912
scaffold_26_850594_851941_+ 8.7506140774354 5.14739336179745 0.000231376739809762 0.0331474485280944 0.380553233353907
scaffold_100_288462_289518_- 8.57400984880277 5.14207080647413 0.000233443258202348 0.0331474485280944 0.347001550164727
scaffold_2_2497980_2499106_- 7.14812158015828 5.1414585201655 0.000233682222068475 0.0331474485280944 0.260485354425279
scaffold_17_1119261_1120154_+ 7.5749958829 5.14069050186485 0.000233982328298475 0.0331474485280944 0.283703528689523
scaffold_32_364998_365432_+ 6.678894670382 5.13939192846605 0.000234490671708792 0.0331474485280944 0.242871704589038
scaffold_8_329250_329585_+ 7.11593921541902 5.13583460349651 0.000235889179124659 0.0331474485280944 0.25084785975796
scaffold_17_465849_466422_- 7.60546944395162 5.13464753331659 0.000236357803322746 0.0331474485280944 0.290944900488966
scaffold_12_1539857_1540780_+ 9.07216036980949 5.13421134958326 0.000236530242634518 0.0331474485280944 0.469754097591493
scaffold_2_2213889_2214175_- 6.9891657116306 5.13259124995653 0.000237171883942881 0.0331474485280944 0.215032264692654
scaffold_46_975448_976339_+ 11.5721906897232 5.12777280927949 0.000239091049175492 0.0332714369614784 0.595673629498587
scaffold_103_349172_349693_- 7.46103799505651 5.12651453699098 0.000239594892950682 0.0332714369614784 0.241364258890115
scaffold_11_1552356_1552669_+ 7.32439678057713 5.12252515768734 0.000241199720734443 0.0333872814713754 0.272982563445088
scaffold_51_646945_647090_+ 10.0910461048878 5.12054352943864 0.000242001070071843 0.0333915234456455 0.461002906084794
scaffold_8_317226_317962_- 8.8597170319459 5.1148502918319 0.000244318937022353 0.033448887529915 0.430518535154413
scaffold_43_489103_489908_+ 7.37738529425664 5.11427156298635 0.000244555853741671 0.033448887529915 0.269085519283713
scaffold_5_1152485_1152884_+ 8.08431062087074 5.11383948248985 0.000244732893573906 0.033448887529915 0.462814182848563
scaffold_43_94254_94809_+ 7.78744995537824 5.09977081908846 0.000250571458428355 0.0341391792700218 0.332390148576577
scaffold_471_19916_20868_+ 7.07581286883271 5.09489873081281 0.000252627315503289 0.0342078199107784 0.215735818140119
scaffold_48_736603_737448_+ 8.14296834985355 5.09204119168988 0.000253841327191199 0.0342078199107784 0.237937487518576
scaffold_1_563846_564251_+ 6.93246259639623 5.09127905993083 0.000254166147974377 0.0342078199107784 0.249504497964512
scaffold_20_1106115_1106292_- 6.94621996565044 5.09112129998779 0.000254233439765283 0.0342078199107784 0.194162810992059
scaffold_27_41178_41596_+ 6.39390660526097 5.07985002026227 0.000259089853725367 0.0347533343730812 0.183772917906688
scaffold_47_938673_938691_+ 7.33883115467352 5.0766195313526 0.000260499632546756 0.0348345897522246 0.340059962387149
scaffold_245_84028_84100_- 8.91371417666304 5.07290658914648 0.000262129896955467 0.0349447382015155 0.363383395034544
scaffold_25_668734_670244_+ 7.69175419419102 5.06909051021091 0.000263816601449508 0.0350617118846669 0.192976195995795
scaffold_43_1004968_1006338_+ 6.86246009578585 5.06455256340357 0.000265837199003698 0.0352222094312973 0.173988449734891
scaffold_2_1648599_1649005_- 8.0749992470207 5.06230456609297 0.000266844163258919 0.0352478360285242 0.291013668945777
scaffold_10_2062576_2062726_+ 8.29632335710888 5.05916704648082 0.000268256271160802 0.0353266601954799 0.310403095452782
scaffold_66_666897_667703_- 5.90238843318775 5.05526435284504 0.000270023706383653 0.0353790480683756 0.13797972253628
scaffold_24_1185449_1186025_- 8.24387240952173 5.05381042392445 0.000270685273889266 0.0353790480683756 0.270585114674506
scaffold_3_1325922_1326641_- 9.81600830323631 5.05289251446167 0.000271103816615905 0.0353790480683756 0.396528982424558
scaffold_52_224506_224868_- 7.21965208775517 5.04668264114107 0.000273953241224701 0.03564353792583 0.243426292510435
scaffold_58_311982_312391_- 6.96883411417985 5.04269936975215 0.000275797498397401 0.0357162332411456 0.0921073566010087
scaffold_20_533424_533788_- 8.72399273338898 5.04046999747484 0.000276835376661443 0.0357162332411456 0.294735438781074
scaffold_3_2291458_2292150_- 6.99501365473341 5.04014921631493 0.000276985052140168 0.0357162332411456 0.100099141966982
scaffold_220_69751_70352_- 10.2767048816476 5.02640138378684 0.000283480148248716 0.0364452845787059 0.371996443186844
scaffold_6_2214171_2214588_+ 6.66745072289862 5.02280402947771 0.000285205920985854 0.0364807903923176 0.185188429757564
scaffold_63_103742_104001_+ 7.0483489212812 5.02231715748021 0.000285440334741164 0.0364807903923176 0.0617691632387567
scaffold_211_141768_142540_- 7.11319531363065 5.01819649136211 0.000287432414028109 0.0365560595492964 0.131617425911841
scaffold_76_224055_224705_- 7.18960789734166 5.01588900341745 0.000288554297354948 0.0365560595492964 0.102929752811391
scaffold_83_602193_602960_+ 8.42268409348042 5.01587626521301 0.000288560503297312 0.0365560595492964 0.21951863537505
scaffold_60_11377_12994_- 10.1048877291657 5.01312819751921 0.000289902614099541 0.0366190106661128 0.342888120127071
scaffold_28_742736_743020_+ 6.97263022516267 5.00827578089981 0.000292288454336838 0.0368130510831333 0.177188814819535
scaffold_7_1912158_1912296_+ 7.0984754720822 5.00122898750312 0.000295789933822621 0.0370836231163099 0.179035354758281
scaffold_8_382450_383480_- 7.59255338776984 5.00051213614412 0.00029614858510463 0.0370836231163099 0.165594977027519
scaffold_3_1133302_1133959_- 8.22280115190443 4.99614019574157 0.000298345819244687 0.0372510978806781 0.132343788706883
scaffold_44_28377_28448_+ 7.63219926998505 4.9887450378933 0.000302101424574885 0.0376116273595732 0.139157662169893
scaffold_26_458814_459221_+ 7.06390873010374 4.98192211613678 0.000305610367894284 0.0379394693392199 0.0897619185965954
scaffold_42_967882_968517_+ 7.12589075073658 4.97912624029017 0.000307060562536194 0.038006950885045 0.049358239112685
scaffold_30_625241_626227_+ 8.50798778092699 4.97749805015574 0.000307908409745899 0.038006950885045 0.119669494435623
scaffold_20_951702_952594_+ 11.5354733105932 4.97562023858599 0.000308889288678122 0.0380197082990577 0.421339034377553
scaffold_102_167375_168907_+ 7.64390357482132 4.96097837209468 0.000316650679816054 0.038766570524726 0.0449277227422815
scaffold_19_1234009_1234549_- 6.89282206338161 4.96079965998915 0.000316746664029751 0.038766570524726 0.0334841659928875
scaffold_69_171305_171667_+ 8.45737508219442 4.95685692349251 0.000318872033424919 0.0388375277483395 0.120540763099108
scaffold_14_1319864_1320850_- 9.54096034650805 4.9532038562776 0.000320854587220651 0.0388375277483395 0.237014719149498
scaffold_90_267768_269202_- 8.02319400606787 4.95242437409469 0.000321279288302149 0.0388375277483395 0.132322408641354
scaffold_63_90454_91169_+ 6.90998744233325 4.95010554199341 0.000322546189124474 0.0388375277483395 0.0779107512002932
scaffold_67_469500_469830_+ 9.88043749922568 4.94938726919732 0.00032293968011913 0.0388375277483395 0.31592274271261
scaffold_90_492983_493401_- 9.40494319388861 4.94685512419223 0.000324330878714958 0.0388375277483395 0.198254205685964
scaffold_238_25210_25338_+ 6.42900916957431 4.94663330126478 0.000324453050211846 0.0388375277483395 0.028730780797293
scaffold_1_2763262_2763914_+ 7.20549866616025 4.94554105660531 0.000325055319676744 0.0388375277483395 0.0251613014789571
scaffold_452_4032_4786_+ 7.5046673766173 4.94317040393691 0.000326366541898331 0.0388375277483395 0.0739326066333259
scaffold_10_220296_221860_+ 7.16411916352482 4.94168527206944 0.000327190798202918 0.0388375277483395 0.025697760913153
scaffold_1_2859880_2860890_+ 6.48690836413332 4.94139547622334 0.00032735189051961 0.0388375277483395 0.0413656194334768
scaffold_210_56781_57246_- 7.66093130939256 4.94008166678934 0.000328083256148554 0.0388375277483395 0.0824399191967595
scaffold_1_1008291_1009519_+ 8.37916119311724 4.93597187313913 0.000330382146384538 0.0390030977500177 0.168284735224987
scaffold_94_435428_436296_+ 10.7352185810952 4.92538393838358 0.000336382748503202 0.0396035841349178 0.27432884012766
scaffold_32_56604_57311_- 8.09664054324247 4.92016317728508 0.000339383461750824 0.0398485849967919 0.0668970761175496
scaffold_12_1452151_1452407_+ 7.4702885760837 4.91477278184769 0.000342511095189732 0.0399048184254107 0.151057751665945
scaffold_17_674724_674960_- 7.15504187363275 4.91475165356916 0.00034252341350645 0.0399048184254107 -0.0173252630730838
scaffold_8_1946030_1946542_+ 8.434526491857 4.91457658460356 0.000342625500952149 0.0399048184254107 0.110541371766679
scaffold_131_121128_121388_+ 8.12101544441846 4.9086435206099 0.000346104129537412 0.0401990285690899 0.075081885312609
scaffold_20_659268_659588_+ 8.1718309121323 4.90606072510283 0.000347629985966238 0.0401990285690899 0.11699692062103
scaffold_147_69724_70106_+ 7.38373514853398 4.9043135386247 0.000348666175270998 0.0401990285690899 0.00160097399380721
scaffold_76_514563_515134_- 7.68669292944049 4.90311904097255 0.000349376446299684 0.0401990285690899 0.0257111305215814
scaffold_3_2898644_2898777_- 6.87578645971583 4.90242346949055 0.000349790743907744 0.0401990285690899 0.0157977796189162
scaffold_72_195936_197474_- 7.14067274928765 4.90037536614058 0.000351013628001435 0.0402328477428312 -0.063390022476697
scaffold_54_615307_616138_+ 7.85478799536805 4.89209419889328 0.000356003965775579 0.0406971710321708 0.0310903832372205
scaffold_7_1794351_1795274_+ 8.07427872839796 4.8852420329755 0.000360189293319609 0.0410672666378036 0.0323391685576295
scaffold_14_1301391_1301786_- 10.3308866775421 4.87906932967607 0.000364003693293599 0.0413932388861902 0.197024620499187
scaffold_3_184756_185199_- 7.80253374262107 4.87346124644657 0.000367505838933723 0.041682088946708 0.0555935947967239
scaffold_87_149172_150091_- 6.35510373994389 4.87128965500698 0.000368871411208474 0.0417277356710661 -0.100940656315897
scaffold_23_217518_217675_+ 7.6346381605579 4.86745306482467 0.000371296983444826 0.0417483428753629 -0.0100399198229537
scaffold_113_109758_110273_- 7.00544367492333 4.86713700380754 0.000371497546378943 0.0417483428753629 -0.0895179680235207
scaffold_211_87955_88460_+ 8.04439648593899 4.8651768187253 0.000372743955573784 0.0417483428753629 -0.0179147888870421
scaffold_135_120384_121460_+ 7.0430823506068 4.8646926809366 0.000373052474099643 0.0417483428753629 -0.0840742710323372
scaffold_10_1829209_1829967_+ 6.5856023870794 4.86340945140666 0.000373871509847223 0.0417483428753629 -0.0492872043428791
scaffold_1_2327241_2328016_- 6.53562529974287 4.8616971813897 0.000374967316428487 0.0417630692842689 -0.117244209617814
scaffold_3_2180680_2181426_- 8.17376884218308 4.85909994149391 0.000376635897844327 0.0417944818223522 0.0729321460095296
scaffold_61_433839_434723_- 7.44527391622694 4.85743367960017 0.000377710466539848 0.0417944818223522 -0.0356081118749527
scaffold_1_2636982_2637806_+ 8.41934236541719 4.85676390498556 0.000378143305967827 0.0417944818223522 0.0244119673014458
scaffold_47_336586_337175_+ 7.23308328805997 4.85287131538518 0.000380669169708307 0.0419665965566975 -0.0523071403389626
scaffold_5_853593_854682_+ 8.36713799156714 4.84527789733949 0.000385647390692579 0.0423447508746288 0.000230598793903525
scaffold_115_136590_136982_- 7.59699786975109 4.84466218541259 0.000386054022884143 0.0423447508746288 -0.0492924780980131
scaffold_211_121766_122328_- 7.27936398689761 4.84137424878586 0.000388233066129663 0.0424104149618228 -0.0903746232399261
scaffold_104_233685_234592_+ 7.8808505697063 4.84080683537179 0.000388610412681615 0.0424104149618228 -0.00398366647193171
scaffold_75_483778_483946_+ 9.17932055447285 4.83754715081261 0.000390785642716165 0.0425406501415089 0.0695766561723588
scaffold_10_110355_110473_- 7.74456396242865 4.83413150451601 0.000393078614922047 0.0426337540715551 -0.0405975149397833
scaffold_3_3583261_3583577_- 7.8694812093087 4.83134581293157 0.000394959105120333 0.0426337540715551 -0.0722776332301471
scaffold_145_164255_165814_- 6.65131042899126 4.82839940429821 0.000396958328626128 0.0426337540715551 -0.140615331003552
scaffold_29_1079396_1079830_- 9.16425553142295 4.82603585607135 0.000398569712629557 0.0426337540715551 0.0660303039048005
scaffold_99_384390_385161_+ 8.1704728363392 4.82571994583693 0.000398785606744721 0.0426337540715551 -0.0176645250272083
scaffold_60_595492_595753_+ 9.72094959957679 4.82415584296837 0.000399856322831966 0.0426337540715551 0.0864465071304599
scaffold_94_167533_167870_+ 6.05112520651586 4.82294856628922 0.000400684826745669 0.0426337540715551 -0.125412588525825
scaffold_97_385749_386484_+ 6.82195667779297 4.82133701275267 0.000401793567283257 0.0426337540715551 -0.101027461077629
scaffold_19_841771_842382_- 7.14914431036357 4.82054166080546 0.000402341947153056 0.0426337540715551 -0.119458002823771
scaffold_10_634874_635092_+ 8.30286372797991 4.81962883576095 0.000402972287064871 0.0426337540715551 -0.0279904286508703
scaffold_2_613421_613562_- 8.50169332997498 4.81893402585269 0.000403452771385798 0.0426337540715551 -0.0628315721100758
scaffold_40_96062_96539_+ 6.81228596221643 4.81858679245202 0.000403693119354566 0.0426337540715551 -0.0808874941981097
scaffold_53_127769_128443_+ 8.30141675471967 4.81611151705332 0.000405410798295441 0.0426337540715551 -0.0397325915190514
scaffold_1_2203756_2204294_+ 7.12871665274478 4.81581941055183 0.000405614004561438 0.0426337540715551 -0.172850573053104
scaffold_1069_6672_7351_+ 9.77165980237064 4.8146892018685 0.000406401247093022 0.0426337540715551 0.101193490551098
scaffold_253_76045_76534_+ 7.10943568751566 4.81061600475702 0.00040925169499762 0.0427285825292023 -0.0552853766780252
scaffold_6_127820_127939_- 6.33353959324266 4.81057910864441 0.000409277610432972 0.0427285825292023 -0.167672228413903
scaffold_106_235372_236652_- 7.35647100139439 4.80678226245453 0.000411953668422623 0.0427937763624344 -0.165952969532999
scaffold_32_1033688_1034253_+ 8.51784405502238 4.80596118735865 0.000412534772738207 0.0427937763624344 -0.0137194938414833
scaffold_5_1929372_1929808_- 7.47978986301452 4.80549481892058 0.000412865219948705 0.0427937763624344 -0.0185614511636905
scaffold_62_476891_477074_+ 6.15388047017811 4.80400910122358 0.000413919777209026 0.0428006879889219 -0.112653306965367
scaffold_3_1138342_1138914_- 7.38028479947091 4.80122293632989 0.000415904985688998 0.0428169268351466 -0.121574014524225
scaffold_1321_2976_4079_+ 10.7032535488317 4.80101531142137 0.000416053321275833 0.0428169268351466 -0.0114189902012036
scaffold_47_178791_180301_- 10.8462893681841 4.79666854429157 0.000419171557801159 0.0430356087992725 0.101143244669652
scaffold_83_272252_272809_- 12.7211011248281 4.79461624131745 0.000420652296886878 0.0430855352598602 0.140603461167388
scaffold_43_529096_529240_+ 8.11557499093684 4.78637999213694 0.000426649978607049 0.0435195394081736 -0.0594361058405743
scaffold_1_4186934_4187334_- 7.11577648487738 4.78604133381636 0.00042689849624876 0.0435195394081736 -0.21055691234795
scaffold_159_193967_194396_+ 7.72739258972658 4.78415876870933 0.000428282739707369 0.0435581642736185 -0.0963434300970256
scaffold_28_1035123_1036292_- 7.41119034006115 4.78232354430117 0.000429636689567909 0.043593534454846 -0.206248057617533
scaffold_76_89908_90098_- 7.48411795790832 4.78042045865407 0.000431045429669633 0.0436342857146414 -0.180350108162028
scaffold_20_1348605_1349586_- 8.66579947448336 4.77824805270338 0.000432659433357942 0.0436955771787091 -0.0632509459804442
scaffold_4_2855671_2856007_+ 7.89765118945058 4.77641311017619 0.000434027636089489 0.0437318171191005 -0.0807427456943266
scaffold_21_919478_919927_- 7.19085619467975 4.77398610447088 0.000435844251883859 0.0437354599277147 -0.147968416984915
scaffold_87_351949_352290_- 7.38046603749133 4.77366833331024 0.000436082691427151 0.0437354599277147 -0.22244217866015
scaffold_32_1038483_1038723_+ 6.76983781086288 4.77115995526575 0.000437969643653939 0.0438232627735579 -0.19215925961538
scaffold_230_67256_68413_+ 8.90005142672581 4.76358153408132 0.000443722584511232 0.0442966006832572 -0.0740825572189587
scaffold_19_423634_424072_+ 7.65661514846289 4.75829094548164 0.000447785540943545 0.0443846110312048 -0.149577665178635
scaffold_2_3259630_3260665_+ 8.15503773323189 4.75775774452779 0.000448197167920206 0.0443846110312048 -0.105470034471231
scaffold_43_606754_607159_+ 6.64388958508858 4.75717980775166 0.000448643777071593 0.0443846110312048 -0.282751889430498
scaffold_20_1406497_1407324_- 8.42641907740788 4.75593580707431 0.000449606675000333 0.0443846110312048 -0.119220722679692
scaffold_220_50619_50896_+ 7.9596785563074 4.75578137735704 0.000449726359292317 0.0443846110312048 -0.0744612306513215
scaffold_11_1096694_1097603_- 6.96981691087441 4.75405521987917 0.000451066412835852 0.0444156895511957 -0.13737108572593
scaffold_2_2248087_2249663_+ 8.22988016269337 4.74930422545261 0.000454776296104757 0.0446794508050674 -0.0712210509613858
scaffold_10_920629_921558_+ 7.96569445571824 4.74712563308415 0.000456488127179499 0.044685093465093 -0.158909074594307
scaffold_95_450289_451298_+ 7.22977983701507 4.74576804080172 0.0004575582593141 0.044685093465093 -0.197352546942222
scaffold_84_94090_94569_+ 7.83530541377225 4.74529995609984 0.000457927837753341 0.044685093465093 -0.165482831339698
scaffold_4_129309_129731_- 10.8807485457655 4.74138493931884 0.000461031193983958 0.0448868258664022 0.0574862898815001
scaffold_15_810516_812085_+ 7.83452938065769 4.73931323976924 0.000462682269014521 0.0449465739626079 -0.155551146732773
scaffold_75_513034_513365_- 7.46671896851009 4.73757979016465 0.000464068515409021 0.0449803859029335 -0.153988455196801
scaffold_6_161895_163210_- 8.02081322233323 4.73042241046536 0.000469838392528112 0.0454244243220984 -0.175476732981625
scaffold_35_371017_371777_- 7.22167506316161 4.72930418905867 0.000470746584513276 0.0454244243220984 -0.232304676148797
scaffold_60_144423_144818_+ 6.56145871270363 4.70560857338582 0.0004904287622446 0.0472016242972688 -0.288813542372947
scaffold_63_243508_243896_- 7.63004835120432 4.70453201196573 0.000491343132485534 0.0472016242972688 -0.195948266931604
scaffold_1_853961_854116_- 7.31539309651956 4.70294900955674 0.000492690878607447 0.0472131525702938 -0.252413304765815
scaffold_145_111269_112385_+ 6.34326869858367 4.70109980467813 0.00049427015427564 0.0472131525702938 -0.33785235525084
scaffold_62_580533_581121_- 8.57125021312877 4.70055984532241 0.000494732291624276 0.0472131525702938 -0.12306084726846
scaffold_6_2334185_2334934_- 7.8137314149775 4.69085068137543 0.000503119532493342 0.0478291110093843 -0.235936299553348
scaffold_14_592681_593077_+ 7.26122561914917 4.69053512305662 0.000503394604170227 0.0478291110093843 -0.279131560480534
scaffold_69_585858_586630_- 6.5332912562451 4.68873275002321 0.000504968741290893 0.0478736885889918 -0.355696900790937
scaffold_598_27521_27820_- 6.85302190213353 4.68707142736255 0.000506424239625459 0.0479068484847438 -0.161219475465423
scaffold_4_1209403_1209910_- 7.00647252076931 4.68496482103684 0.000508276153106179 0.0479772823735911 -0.311305980238703
scaffold_17_1017737_1018449_+ 9.64763431237815 4.68038897784576 0.000512323158142799 0.0482010040542936 -0.0796045359583539
scaffold_24_1207192_1208448_+ 10.7053210435941 4.6788767621404 0.000513667985539433 0.0482010040542936 -0.0491795406379989
scaffold_35_750186_750621_+ 7.84430931283206 4.67852219239781 0.000513983840490321 0.0482010040542936 -0.207574309306864
scaffold_118_328690_328938_+ 6.48200128548275 4.67365331150203 0.000518341655653158 0.0484022097695586 -0.342225844509362
scaffold_78_143575_143679_+ 5.14655021217397 4.6736287991654 0.000518363692311203 0.0484022097695586 -0.347821945910194
scaffold_4_1228493_1228745_- 6.18702616465472 4.66643754783049 0.000524871048093727 0.0488152568459089 -0.30084267538869
scaffold_32_30098_30973_- 7.78907183708437 4.66625140582151 0.000525040615108562 0.0488152568459089 -0.346148043260187
scaffold_1_2210062_2210323_- 5.42877282252101 4.66129568194809 0.000529576136689347 0.0490991932396543 -0.368400649443952
scaffold_54_579643_579737_- 6.41872473002538 4.66044255545971 0.000530361040395103 0.0490991932396543 -0.260412557395122
scaffold_8_306907_307795_- 6.33645605424047 4.65647741497339 0.00053402505752694 0.0492751677097761 -0.335834430365713
scaffold_8_877690_877894_+ 8.35491945361189 4.65539941928954 0.000535025745835909 0.0492751677097761 -0.227473770717827
scaffold_111_236732_237012_- 7.76204764433857 4.65369512169253 0.000536611814269219 0.0492751677097761 -0.287906284937942
scaffold_4_2367401_2368013_+ 7.53383810179591 4.65348131677873 0.000536811133245957 0.0492751677097761 -0.301750879321795
scaffold_275_63415_63781_- 7.9398880061338 4.64915019308079 0.000540865481212114 0.0495042998648541 -0.294118402217769
scaffold_184_65329_65710_- 7.58765156513247 4.64837708883733 0.000541592534181343 0.0495042998648541 -0.297919679010919
scaffold_18_1408103_1408789_- 7.39878712123327 4.64559565597223 0.000544216728693008 0.049620624285925 -0.300148741569937
scaffold_17_1129103_1130219_- 7.16204681469138 4.64460378787687 0.000545155730048938 0.049620624285925 -0.318127781960336
scaffold_67_467964_468226_- 7.97247446799783 4.64229346260559 0.000547349472626714 0.0496966645039389 -0.172586915593162
scaffold_3_3550872_3551253_- 7.24449919122228 4.64030822158304 0.000549241889940932 0.0496966645039389 -0.334803340280152
scaffold_76_214275_214578_- 7.81722674069234 4.64010890400437 0.000549432264630631 0.0496966645039389 -0.279083131571325
scaffold_101_201014_201540_- 9.18510115227081 4.63674799665904 0.000552652760915237 0.049735428458726 -0.237077481928038
scaffold_211_54729_55382_- 6.99818308885393 4.63599088974101 0.000553380950760429 0.049735428458726 -0.400885319559586
scaffold_174_88782_89298_+ 7.45193766279164 4.63525550270662 0.000554089208305026 0.049735428458726 -0.343936585685661
scaffold_1_605284_606007_- 7.3244130031808 4.63409139938783 0.000555212299433129 0.049735428458726 -0.34240372856686
scaffold_13_1375306_1375808_+ 8.87532923208492 4.63188118788055 0.000557351180883138 0.049735428458726 -0.227243528773915
scaffold_43_995661_996246_- 8.24268230718862 4.63109710183668 0.000558112025459352 0.049735428458726 -0.26578301184581
scaffold_78_177601_177903_- 7.50808187952207 4.62918020528089 0.000559976666498479 0.049735428458726 -0.388038270521612
scaffold_5_1922293_1922798_- 8.10828866671977 4.62790428224286 0.000561221407368536 0.049735428458726 -0.325614967065774
scaffold_28_246654_247721_+ 6.92848112007988 4.62785975880208 0.000561264894764916 0.049735428458726 -0.357031660126522
scaffold_25_1175972_1176035_- 5.66829498739745 4.6265434206574 0.000562552191075904 0.049735428458726 -0.412836168389399
scaffold_89_471549_471837_+ 6.33289062418764 4.62601229970164 0.000563072465473104 0.049735428458726 -0.41667965689504
scaffold_5_1743172_1743832_+ 6.6320229174371 4.62476578154481 0.000564295498757141 0.049735428458726 -0.394051757504108
scaffold_162_241461_243728_+ 7.40119777447337 4.62426870549002 0.00056478398194371 0.049735428458726 -0.355718731720813
scaffold_94_441843_445035_+ 10.7970246127997 4.62249768170585 0.000566527977251184 0.0497878116478393 -0.137782973579779
scaffold_3_185330_186388_- 6.01222764126197 4.61897860706617 0.000570010029415668 0.0499924180859579 -0.399622070670269
